Time(ms) RK.x RK.y RK.z RA.x RA.y RA.z RT.x RT.y RT.z LK.x LK.y LK.z LA.x LA.y LA.z LT.x LT.y LT.z RHAngle.x RHAngle.y RHAngle.z RKAngle.x RKAngle.y RKAngle.z RAAngle.x RAAngle.y RAAngle.z LHAngle.x LHAngle.y LHAngle.z LKAngle.x LKAngle.y LKAngle.z LAAngle.x LAAngle.y LAAngle.z RHQuat.w RHQuat.x RHQuat.y RHQuat.z RKQuat.w RKQuat.x RKQuat.y RKQuat.z RAQuat.w RAQuat.x RAQuat.y RAQuat.z LHQuat.w LHQuat.x LHQuat.y LHQuat.z LKQuat.w LKQuat.x LKQuat.y LKQuat.z LAQuat.w LAQuat.x LAQuat.y LAQuat.z HQuat.w HQuat.x HQuat.y HQuat.z 
49 -0.01191637 0.996805 -8.55882 0.1005318 0.5058283 -8.549164 0.10053177177906 0.505828261375427 -8.54916381835938 0.02008134 0.9962505 -8.792835 0.02141496 0.6010983 -8.775578 0.169497 0.5192094 -8.778706 -4.121191 19.89974 -157.4921 -2.142517 -0.05389404 0.7005955 5.522831 5.324467 0.1396912 0 18.24931 -158.4667 0 0 0 0 -0.9530287 -0.9530293 -0.03811667 -0.7000751 -0.003672557 -0.713042 -0.04684865 -0.6995032 0.01394778 -0.7129562 -0.4428836 0.5020449 0.5099793 0.5401179 0 0 0 0 0 0 0 0 0 0 0 0 0 0 0 0 
174 -0.01191637 0.996805 -8.55882 0.1005272 0.5058272 -8.549194 0.100527189671993 0.505827188491821 -8.5491943359375 0.02008134 0.9962505 -8.792835 0.02141496 0.6010983 -8.775578 0.169497 0.5192094 -8.778706 -4.122076 19.88558 -157.4975 -2.142517 -0.05389404 0.7005955 5.522831 5.324467 0.1396912 0 18.24931 -158.4667 0 0 0 0 -0.9530287 -0.9530293 -0.03811716 -0.7001567 -0.003668244 -0.712962 -0.04684865 -0.6995032 0.01394778 -0.7129562 -0.4428836 0.5020449 0.5099793 0.5401179 0 0 0 0 0 0 0 0 0 0 0 0 0 0 0 0 
241 -0.01191637 0.996805 -8.55882 0.1005211 0.5058246 -8.549252 0.100521087646484 0.505824565887451 -8.54925155639648 0.02008134 0.9962505 -8.792835 0.02141496 0.6010983 -8.775578 0.169497 0.5192094 -8.778706 -4.12356 19.86159 -157.5068 -2.142365 -0.05395508 0.7010728 5.523234 5.325066 0.1266622 0 18.24931 -158.4667 0 0 0 0 -0.9530287 -0.9530293 -0.03811787 -0.7002945 -0.003660807 -0.7128267 -0.04684711 -0.699585 0.01395298 -0.7128759 -0.4428836 0.5020449 0.5099793 0.5401179 0 0 0 0 0 0 0 0 0 0 0 0 0 0 0 0 
274 -0.01191637 0.996805 -8.55882 0.100528 0.5058267 -8.549216 0.100527957081795 0.505826711654663 -8.54921627044678 0.02008134 0.9962505 -8.792835 0.02141496 0.6010983 -8.775578 0.169497 0.5192094 -8.778706 -4.12356 19.86159 -157.5068 -2.142273 -0.03839111 0.7013106 5.523779 5.325569 0.1045337 0 18.24931 -158.4667 0 0 0 0 -0.9530287 -0.9530293 -0.03811787 -0.7002945 -0.003660807 -0.7128267 -0.04684632 -0.6996259 0.01395568 -0.7128358 -0.4428836 0.5020449 0.5099793 0.5401179 0 0 0 0 0 0 0 0 0 0 0 0 0 0 0 0 
309 -0.01191637 0.996805 -8.55882 0.100528 0.5058267 -8.549216 0.100527957081795 0.505826711654663 -8.54921627044678 0.02008134 0.9962505 -8.792835 0.02141496 0.6010983 -8.775578 0.169497 0.5192094 -8.778706 -4.12356 19.86159 -157.5068 -2.142273 -0.03839111 0.7013106 5.523234 5.32462 0.1199842 0 18.24931 -158.4667 0 0 0 0 -0.9530287 -0.9530293 -0.03811787 -0.7002945 -0.003660807 -0.7128267 -0.04684632 -0.6996259 0.01395568 -0.7128358 -0.4428836 0.5020449 0.5099793 0.5401179 0 0 0 0 0 0 0 0 0 0 0 0 0 0 0 0 
352 -0.01191637 0.996805 -8.55882 0.100528 0.5058267 -8.549216 0.100527957081795 0.505826711654663 -8.54921627044678 0.02008134 0.9962505 -8.792835 0.02141496 0.6010983 -8.775578 0.169497 0.5192094 -8.778706 -4.12356 19.86159 -157.5068 -2.142273 -0.03839111 0.7013106 5.523234 5.32462 0.1199842 0 18.24931 -158.4667 0 0 0 0 -0.9530287 -0.9530293 -0.03811787 -0.7002945 -0.003660807 -0.7128267 -0.04684632 -0.6996259 0.01395568 -0.7128358 -0.4428836 0.5020449 0.5099793 0.5401179 0 0 0 0 0 0 0 0 0 0 0 0 0 0 0 0 
385 -0.01191637 0.996805 -8.55882 0.100528 0.5058267 -8.549216 0.100527957081795 0.505826711654663 -8.54921627044678 0.02008134 0.9962505 -8.792835 0.02141496 0.6010983 -8.775578 0.169497 0.5192094 -8.778706 -4.12356 19.86159 -157.5068 -2.142273 -0.03839111 0.7013106 5.523234 5.32462 0.1199842 0 18.24931 -158.4667 0 0 0 0 -0.9530287 -0.9530293 -0.03811787 -0.7002945 -0.003660807 -0.7128267 -0.04684632 -0.6996259 0.01395568 -0.7128358 -0.4428836 0.5020449 0.5099793 0.5401179 0 0 0 0 0 0 0 0 0 0 0 0 0 0 0 0 
422 -0.01191637 0.996805 -8.55882 0.100528 0.5058267 -8.549216 0.100527957081795 0.505826711654663 -8.54921627044678 0.02008134 0.9962505 -8.792835 0.02141496 0.6010983 -8.775578 0.169497 0.5192094 -8.778706 -4.12356 19.86159 -157.5068 -2.142273 -0.03839111 0.7013106 5.523234 5.32462 0.1199842 0 18.24931 -158.4667 0 0 0 0 -0.9530287 -0.9530293 -0.03811787 -0.7002945 -0.003660807 -0.7128267 -0.04684632 -0.6996259 0.01395568 -0.7128358 -0.4428836 0.5020449 0.5099793 0.5401179 0 0 0 0 0 0 0 0 0 0 0 0 0 0 0 0 
453 -0.01191637 0.996805 -8.55882 0.100528 0.5058267 -8.549216 0.100527957081795 0.505826711654663 -8.54921627044678 0.02008134 0.9962505 -8.792835 0.02141496 0.6010983 -8.775578 0.169497 0.5192094 -8.778706 -4.12356 19.86159 -157.5068 -2.142273 -0.03839111 0.7013106 5.523234 5.32462 0.1199842 0 18.24931 -158.4667 0 0 0 0 -0.9530287 -0.9530293 -0.03811787 -0.7002945 -0.003660807 -0.7128267 -0.04684632 -0.6996259 0.01395568 -0.7128358 -0.4428836 0.5020449 0.5099793 0.5401179 0 0 0 0 0 0 0 0 0 0 0 0 0 0 0 0 
483 -0.01191637 0.996805 -8.55882 0.100528 0.5058267 -8.549216 0.100527957081795 0.505826711654663 -8.54921627044678 0.02008134 0.9962505 -8.792835 0.02141496 0.6010983 -8.775578 0.169497 0.5192094 -8.778706 -4.12356 19.86159 -157.5068 -2.142273 -0.03839111 0.7013106 5.523234 5.32462 0.1199842 0 18.24931 -158.4667 0 0 0 0 -0.9530287 -0.9530293 -0.03811787 -0.7002945 -0.003660807 -0.7128267 -0.04684632 -0.6996259 0.01395568 -0.7128358 -0.4428836 0.5020449 0.5099793 0.5401179 0 0 0 0 0 0 0 0 0 0 0 0 0 0 0 0 
516 -0.01191637 0.996805 -8.55882 0.100528 0.5058267 -8.549216 0.100527957081795 0.505826711654663 -8.54921627044678 0.02008134 0.9962505 -8.792835 0.02141496 0.6010983 -8.775578 0.169497 0.5192094 -8.778706 -4.12356 19.86159 -157.5068 -2.142273 -0.03839111 0.7013106 5.523234 5.32462 0.1199842 0 18.24931 -158.4667 0 0 0 0 -0.9530287 -0.9530293 -0.03811787 -0.7002945 -0.003660807 -0.7128267 -0.04684632 -0.6996259 0.01395568 -0.7128358 -0.4428836 0.5020449 0.5099793 0.5401179 0 0 0 0 0 0 0 0 0 0 0 0 0 0 0 0 
579 -0.01191637 0.996805 -8.55882 0.100528 0.5058267 -8.549216 0.100527957081795 0.505826711654663 -8.54921627044678 0.02008134 0.9962505 -8.792835 0.02141496 0.6010983 -8.775578 0.169497 0.5192094 -8.778706 -4.12356 19.86159 -157.5068 -2.142273 -0.03839111 0.7013106 5.523234 5.32462 0.1199842 0 18.24931 -158.4667 0 0 0 0 -0.9530287 -0.9530293 -0.03811787 -0.7002945 -0.003660807 -0.7128267 -0.04684632 -0.6996259 0.01395568 -0.7128358 -0.4428836 0.5020449 0.5099793 0.5401179 0 0 0 0 0 0 0 0 0 0 0 0 0 0 0 0 
611 -0.01191637 0.996805 -8.55882 0.100528 0.5058267 -8.549216 0.100527957081795 0.505826711654663 -8.54921627044678 0.02008134 0.9962505 -8.792835 0.02141496 0.6010983 -8.775578 0.169497 0.5192094 -8.778706 -4.12356 19.86159 -157.5068 -2.142273 -0.03839111 0.7013106 5.523234 5.32462 0.1199842 0 18.24931 -158.4667 0 0 0 0 -0.9530287 -0.9530293 -0.03811787 -0.7002945 -0.003660807 -0.7128267 -0.04684632 -0.6996259 0.01395568 -0.7128358 -0.4428836 0.5020449 0.5099793 0.5401179 0 0 0 0 0 0 0 0 0 0 0 0 0 0 0 0 
640 -0.01191637 0.9968051 -8.55882 0.1005257 0.5058264 -8.54923 0.100525669753551 0.505826354026794 -8.54922962188721 0.02008134 0.9962505 -8.792835 0.02141496 0.6010983 -8.775578 0.169497 0.5192094 -8.778706 -4.12397 19.85491 -157.5094 -2.142273 -0.03839111 0.7013106 5.523234 5.32462 0.1199842 0 18.24931 -158.4667 0 0 0 0 -0.9530287 -0.9530293 -0.03811815 -0.7003329 -0.003658799 -0.7127889 -0.04684632 -0.6996259 0.01395568 -0.7128358 -0.4428836 0.5020449 0.5099793 0.5401179 0 0 0 0 0 0 0 0 0 0 0 0 0 0 0 0 
672 -0.01191713 0.9968082 -8.558765 0.1005257 0.5058311 -8.5491 0.100525669753551 0.505831122398376 -8.54909992218018 0.02008134 0.9962505 -8.792835 0.02141496 0.6010983 -8.775578 0.169497 0.5192094 -8.778706 -4.123959 19.85491 -157.5022 -2.142273 -0.03222656 0.7013251 5.52342 5.324912 0.1138524 0 18.24931 -158.4667 0 0 0 0 -0.9530287 -0.9530293 -0.03816316 -0.7003327 -0.003703024 -0.7127865 -0.04684632 -0.6996259 0.01395568 -0.7128358 -0.4428836 0.5020449 0.5099793 0.5401179 0 0 0 0 0 0 0 0 0 0 0 0 0 0 0 0 
704 -0.01191942 0.9968177 -8.558606 0.1005211 0.5058421 -8.548825 0.100521087646484 0.505842089653015 -8.54882526397705 0.02008134 0.9962505 -8.792835 0.02141496 0.6010983 -8.775578 0.169497 0.5192094 -8.778706 -4.123968 19.85491 -157.4812 -2.142273 -0.0324707 0.7085657 5.522593 5.331855 0.1209768 0 18.24931 -158.4667 0 0 0 0 -0.9530287 -0.9530293 -0.03829354 -0.7003321 -0.003831124 -0.7127795 -0.04684632 -0.6996259 0.01395568 -0.7128358 -0.4428836 0.5020449 0.5099793 0.5401179 0 0 0 0 0 0 0 0 0 0 0 0 0 0 0 0 
736 -0.01192323 0.99683 -8.558404 0.1005096 0.5058607 -8.548229 0.100509643554688 0.505860686302185 -8.5482292175293 0.02008134 0.9962505 -8.792835 0.02141496 0.6010983 -8.775578 0.169497 0.5192094 -8.778706 -4.123968 19.85494 -157.4545 -2.142242 -0.03494263 0.687901 5.521399 5.345577 0.1228838 0 18.24931 -158.4667 0 0 0 0 -0.9530287 -0.9530293 -0.03845944 -0.7003311 -0.003994141 -0.7127706 -0.04710552 -0.6996413 0.01370175 -0.7128085 -0.4428836 0.5020449 0.5099793 0.5401179 0 0 0 0 0 0 0 0 0 0 0 0 0 0 0 0 
769 -0.01192705 0.9968442 -8.558171 0.1005005 0.5058796 -8.547721 0.100500486791134 0.505879640579224 -8.54772090911865 0.02008134 0.9962505 -8.792835 0.02141496 0.6010983 -8.775578 0.169497 0.5192094 -8.778706 -4.12397 19.85494 -157.4239 -2.142212 -0.03594971 0.6855577 5.517272 5.393034 0.1262252 0 18.24931 -158.4667 0 0 0 0 -0.9530287 -0.9530293 -0.03864982 -0.70033 -0.004181214 -0.7127603 -0.04728609 -0.6996448 0.01352448 -0.7127966 -0.4428836 0.5020449 0.5099793 0.5401179 0 0 0 0 0 0 0 0 0 0 0 0 0 0 0 0 
801 -0.01206819 0.9968804 -8.557691 0.1001877 0.5058907 -8.546605 0.100187681615353 0.505890727043152 -8.54660511016846 0.02008134 0.9962505 -8.792835 0.02141496 0.6010983 -8.775578 0.169497 0.5192094 -8.778706 -4.143055 19.8323 -157.3691 -2.142181 -0.03707886 0.6673395 5.514399 5.405879 0.1277607 0 18.24931 -158.4667 0 0 0 0 -0.9530287 -0.9530293 -0.03915359 -0.7004591 -0.004452702 -0.7126043 -0.04758995 -0.6996505 0.01322618 -0.7127764 -0.4427942 0.5021394 0.5100567 0.54003 0 0 0 0 0 0 0 0 0 0 0 0 0 0 0 0 
835 -0.01207125 0.9968911 -8.557519 0.1004028 0.5059505 -8.54645 0.10040283203125 0.505950450897217 -8.54644966125488 0.02008134 0.9962505 -8.792835 0.02141496 0.6010983 -8.775578 0.169497 0.5192094 -8.778706 -4.143053 19.8323 -157.3465 -2.116547 -0.04437256 0.6903176 5.525441 5.471231 0.1141763 0 18.24931 -158.4667 0 0 0 0 -0.9530287 -0.9530293 -0.03929463 -0.7004582 -0.004591329 -0.7125965 -0.04779876 -0.6998271 0.01293555 -0.7125943 -0.44271 0.5022286 0.5101299 0.539947 0 0 0 0 0 0 0 0 0 0 0 0 0 0 0 0 
868 -0.01202318 0.9969003 -8.557329 0.1008125 0.5060512 -8.545892 0.100812532007694 0.506051182746887 -8.54589176177979 0.02008134 0.9962505 -8.792835 0.02141496 0.6010983 -8.775578 0.169497 0.5192094 -8.778706 -4.136444 19.83181 -157.3219 -2.080048 -0.04476929 0.6710754 5.500186 5.462845 0.1060157 0 18.24931 -158.4667 0 0 0 0 -0.9530287 -0.9530293 -0.03940789 -0.7004594 -0.004783802 -0.7125878 -0.04783674 -0.6998469 0.01245271 -0.7125809 -0.4426827 0.5022573 0.5101535 0.5399203 0 0 0 0 0 0 0 0 0 0 0 0 0 0 0 0 
898 -0.01203157 0.9969338 -8.556806 0.1007317 0.5060754 -8.545064 0.100731663405895 0.506075382232666 -8.54506397247314 0.02008134 0.9962505 -8.792835 0.02141496 0.6010983 -8.775578 0.169497 0.5192094 -8.778706 -4.138468 19.80037 -157.2652 -2.08667 -0.0456543 0.695833 5.453431 5.482264 0.1009846 0 18.24931 -158.4667 0 0 0 0 -0.9530287 -0.9530293 -0.03983789 -0.7006372 -0.005195316 -0.7123863 -0.04783674 -0.6998469 0.01245271 -0.7125809 -0.4425619 0.5023276 0.5102603 0.5398532 0 0 0 0 0 0 0 0 0 0 0 0 0 0 0 0 
930 -0.01194002 0.9969445 -8.556564 0.1017723 0.5063103 -8.544609 0.101772308349609 0.506310343742371 -8.54460906982422 0.02008134 0.9962505 -8.792835 0.02141496 0.6010983 -8.775578 0.169497 0.5192094 -8.778706 -4.131063 19.7221 -157.2638 -1.983429 -0.07458496 0.6735384 5.428049 5.528331 0.06226649 0 18.24931 -158.4667 0 0 0 0 -0.9530287 -0.9530293 -0.03996152 -0.7010841 -0.005441756 -0.7119377 -0.04778448 -0.7002519 0.01126944 -0.7122062 -0.4423586 0.5023676 0.5101944 0.5400448 0 0 0 0 0 0 0 0 0 0 0 0 0 0 0 0 
963 -0.0116768 0.9969467 -8.55633 0.1024498 0.506407 -8.544451 0.102449797093868 0.506407022476196 -8.5444507598877 0.02008134 0.9962505 -8.792835 0.02141496 0.6010983 -8.775578 0.169497 0.5192094 -8.778706 -4.103165 19.61254 -157.2761 -1.965607 -0.07720947 0.6837766 5.297498 5.576721 -0.068156 0 18.24931 -158.4667 0 0 0 0 -0.9530287 -0.9530293 -0.03993943 -0.7017081 -0.005809064 -0.7113209 -0.04774643 -0.7007219 0.01097059 -0.7117509 -0.442147 0.5022793 0.5102686 0.5402302 0 0 0 0 0 0 0 0 0 0 0 0 0 0 0 0 
996 -0.01156618 0.9969543 -8.556127 0.1028137 0.5064768 -8.5441 0.102813720703125 0.506476759910584 -8.54409980773926 0.02008134 0.9962505 -8.792835 0.02141496 0.6010983 -8.775578 0.169497 0.5192094 -8.778706 -4.093138 19.53719 -157.2786 -1.945526 -0.1281128 0.6587241 5.246611 5.596713 -0.1683452 0 18.24931 -158.4667 0 0 0 0 -0.9530287 -0.9530293 -0.04001723 -0.7021376 -0.006041236 -0.7108906 -0.04778129 -0.7016757 0.01033296 -0.7108178 -0.442147 0.5022793 0.5102686 0.5402302 0 0 0 0 0 0 0 0 0 0 0 0 0 0 0 0 
1026 -0.01129305 0.9969682 -8.555717 0.1036232 0.5066277 -8.543218 0.103623203933239 0.506627678871155 -8.54321765899658 0.02008134 0.9962505 -8.792835 0.02141496 0.6010983 -8.775578 0.169497 0.5192094 -8.778706 -4.059788 19.48794 -157.2441 -1.917603 -0.1082458 0.6493871 5.211389 5.650996 -0.2826641 0 18.24931 -158.4667 0 0 0 0 -0.9530287 -0.9530293 -0.04012801 -0.7024139 -0.006580416 -0.7106066 -0.04775214 -0.7019962 0.009860316 -0.7105101 -0.442147 0.5022793 0.5102686 0.5402302 0 0 0 0 0 0 0 0 0 0 0 0 0 0 0 0 
1057 -0.01129305 0.9969682 -8.555717 0.1037704 0.506662 -8.543224 0.103770449757576 0.506662011146545 -8.5432243347168 0.02008134 0.9962505 -8.792835 0.02141496 0.6010983 -8.775578 0.169497 0.5192094 -8.778706 -4.059788 19.48794 -157.2441 -1.901062 -0.09197998 0.6546531 5.135902 5.709327 -0.3005168 0 18.24931 -158.4667 0 0 0 0 -0.9530287 -0.9530293 -0.04012801 -0.7024139 -0.006580416 -0.7106066 -0.0477323 -0.7021802 0.00924326 -0.7103379 -0.4421176 0.5023052 0.510237 0.5402599 0 0 0 0 0 0 0 0 0 0 0 0 0 0 0 0 
1089 -0.01129305 0.9969682 -8.555717 0.1037704 0.506662 -8.543224 0.103770449757576 0.506662011146545 -8.5432243347168 0.02008134 0.9962505 -8.792835 0.02141496 0.6010983 -8.775578 0.169497 0.5192094 -8.778706 -4.059788 19.48794 -157.2441 -1.901062 -0.09197998 0.6546531 5.119331 5.701826 -0.2856548 0 18.24931 -158.4667 0 0 0 0 -0.9530287 -0.9530293 -0.04012801 -0.7024139 -0.006580416 -0.7106066 -0.0477323 -0.7021802 0.00924326 -0.7103379 -0.4421176 0.5023052 0.510237 0.5402599 0 0 0 0 0 0 0 0 0 0 0 0 0 0 0 0 
1117 -0.01029436 0.9969879 -8.554723 0.1059166 0.5069863 -8.540967 0.1059165969491 0.506986260414124 -8.54096698760986 0.02008134 0.9962505 -8.792835 0.02141496 0.6010983 -8.775578 0.169497 0.5192094 -8.778706 -3.921965 19.55746 -157.0883 -1.901062 -0.09197998 0.6546531 5.119331 5.701826 -0.2856548 0 18.24931 -158.4667 0 0 0 0 -0.9530287 -0.9530293 -0.0401099 -0.701993 -0.008220972 -0.7110063 -0.0477323 -0.7021802 0.00924326 -0.7103379 -0.4421176 0.5023052 0.510237 0.5402599 0 0 0 0 0 0 0 0 0 0 0 0 0 0 0 0 
1148 -0.01015016 0.9969881 -8.554628 0.1059677 0.5069492 -8.541436 0.105967715382576 0.506949186325073 -8.54143619537354 0.02008134 0.9962505 -8.792835 0.02141496 0.6010983 -8.775578 0.169497 0.5192094 -8.778706 -3.90143 19.57863 -157.0681 -1.931305 -0.1227112 0.7314361 4.924341 5.815798 -0.2013042 0 18.24931 -158.4667 0 0 0 0 -0.9530287 -0.9530293 -0.04006674 -0.7018684 -0.008420406 -0.7111295 -0.04742176 -0.7019395 0.008273741 -0.7106083 -0.4419041 0.5024931 0.5100071 0.5404767 0 0 0 0 0 0 0 0 0 0 0 0 0 0 0 0 
1184 -0.009902207 0.9969852 -8.554505 0.1065216 0.5070232 -8.541157 0.106521606445313 0.507023215293884 -8.54115676879883 0.02008134 0.9962505 -8.792835 0.02141496 0.6010983 -8.775578 0.169497 0.5192094 -8.778706 -3.868116 19.58465 -157.05 -1.927826 -0.1358337 0.7269818 4.941586 5.752626 -0.216502 0 18.24931 -158.4667 0 0 0 0 -0.9530287 -0.9530293 -0.03996291 -0.7018289 -0.008723273 -0.7111708 -0.04738518 -0.7019004 0.008030574 -0.7106523 -0.4419041 0.5024931 0.5100071 0.5404767 0 0 0 0 0 0 0 0 0 0 0 0 0 0 0 0 
1215 -0.009133164 0.9969839 -8.554038 0.1080055 0.5072122 -8.539968 0.108005523681641 0.507212162017822 -8.53996753692627 0.02008134 0.9962505 -8.792835 0.02141496 0.6010983 -8.775578 0.169497 0.5192094 -8.778706 -3.763769 19.61556 -156.978 -1.946228 -0.1428833 0.7096916 4.903907 5.769952 -0.2208049 0 18.24931 -158.4667 0 0 0 0 -0.9530287 -0.9530293 -0.03970961 -0.7016339 -0.009736923 -0.711364 -0.04750221 -0.7019004 0.007738156 -0.7106478 -0.4419041 0.5024931 0.5100071 0.5404767 0 0 0 0 0 0 0 0 0 0 0 0 0 0 0 0 
1244 -0.008822648 0.9969906 -8.553756 0.1078888 0.5071247 -8.539428 0.107888795435429 0.507124662399292 -8.53942775726318 0.02008134 0.9962505 -8.792835 0.02141496 0.6010983 -8.775578 0.169497 0.5192094 -8.778706 -3.717611 19.68218 -156.9161 -2.038818 -0.1703186 0.7269012 4.773467 5.838787 -0.186137 0 18.24931 -158.4667 0 0 0 0 -0.9530287 -0.9530293 -0.03967746 -0.7012418 -0.01023928 -0.7117453 -0.04771206 -0.7018396 0.007413156 -0.7106972 -0.4417314 0.502645 0.5098215 0.540652 0 0 0 0 0 0 0 0 0 0 0 0 0 0 0 0 
1273 -0.008704392 0.9969953 -8.553616 0.1077843 0.5070802 -8.53914 0.107784271240234 0.50708019733429 -8.53913974761963 0.02008134 0.9962505 -8.792835 0.02141496 0.6010983 -8.775578 0.169497 0.5192094 -8.778706 -3.699049 19.72008 -156.8835 -2.081665 -0.1800537 0.7354954 4.790004 5.860615 -0.1430461 0 18.24931 -158.4667 0 0 0 0 -0.9530287 -0.9530293 -0.03969067 -0.7010198 -0.0104615 -0.71196 -0.04788274 -0.7014902 0.007236237 -0.7110322 -0.4415938 0.5027657 0.5096739 0.5407913 0 0 0 0 0 0 0 0 0 0 0 0 0 0 0 0 
1304 -0.00868303 0.9970101 -8.553394 0.1076942 0.5070747 -8.538723 0.107694245874882 0.50707471370697 -8.53872299194336 0.02008134 0.9962505 -8.792835 0.02141496 0.6010983 -8.775578 0.169497 0.5192094 -8.778706 -3.693064 19.75731 -156.8402 -2.098083 -0.2053833 0.7443838 4.815041 5.871146 -0.1135662 0 18.24931 -158.4667 0 0 0 0 -0.9530287 -0.9530293 -0.03984846 -0.700802 -0.01067233 -0.7121624 -0.04794214 -0.7014182 0.007179552 -0.7110999 -0.4415938 0.5027657 0.5096739 0.5407913 0 0 0 0 0 0 0 0 0 0 0 0 0 0 0 0 
1333 -0.008560959 0.9970181 -8.553212 0.1079971 0.5071374 -8.538149 0.107997134327888 0.507137417793274 -8.53814888000488 0.02008134 0.9962505 -8.792835 0.02141496 0.6010983 -8.775578 0.169497 0.5192094 -8.778706 -3.675117 19.77773 -156.8089 -2.092834 -0.2209473 0.722625 4.818676 5.892026 -0.1004131 0 18.24931 -158.4667 0 0 0 0 -0.9530287 -0.9530293 -0.03989252 -0.7006797 -0.01092523 -0.7122765 -0.04820185 -0.7012997 0.006810009 -0.711203 -0.4415617 0.5027938 0.5096393 0.5408238 0 0 0 0 0 0 0 0 0 0 0 0 0 0 0 0 
1360 -0.008158128 0.9970344 -8.552757 0.1087906 0.5072616 -8.537223 0.108790591359138 0.507261633872986 -8.53722286224365 0.02008134 0.9962505 -8.792835 0.02141496 0.6010983 -8.775578 0.169497 0.5192094 -8.778706 -3.617611 19.82476 -156.7319 -2.101257 -0.2412109 0.7337857 4.766511 5.935197 -0.09821581 0 18.24931 -158.4667 0 0 0 0 -0.9530287 -0.9530293 -0.03992566 -0.7003945 -0.01163773 -0.7125438 -0.04823057 -0.701299 0.006684591 -0.7112028 -0.4414139 0.502866 0.5095438 0.5409673 0 0 0 0 0 0 0 0 0 0 0 0 0 0 0 0 
1390 -0.007987992 0.9970435 -8.552541 0.1089966 0.5072851 -8.536827 0.108996585011482 0.507285118103027 -8.53682708740234 0.02008134 0.9962505 -8.792835 0.02141496 0.6010983 -8.775578 0.169497 0.5192094 -8.778706 -3.591387 19.86876 -156.6872 -2.119843 -0.2755432 0.7432027 4.676242 5.977644 -0.06614184 0 18.24931 -158.4667 0 0 0 0 -0.9530287 -0.9530293 -0.03995621 -0.7001342 -0.01196651 -0.7127926 -0.04832228 -0.7012216 0.006157761 -0.7112777 -0.4412394 0.5030192 0.5093559 0.5411442 0 0 0 0 0 0 0 0 0 0 0 0 0 0 0 0 
1421 -0.007673661 0.9970583 -8.552166 0.1098022 0.5074347 -8.535929 0.10980224609375 0.507434725761414 -8.53592872619629 0.02008134 0.9962505 -8.792835 0.02141496 0.6010983 -8.775578 0.169497 0.5192094 -8.778706 -3.54567 19.91408 -156.6214 -2.104584 -0.2946777 0.7373826 4.642857 5.99554 -0.05518603 0 18.24931 -158.4667 0 0 0 0 -0.9530287 -0.9530293 -0.03999665 -0.6998604 -0.01254184 -0.7130491 -0.04829476 -0.7010899 0.005707033 -0.7114132 -0.44112 0.5031238 0.5092274 0.5412651 0 0 0 0 0 0 0 0 0 0 0 0 0 0 0 0 
1451 -0.007500474 0.9970704 -8.551911 0.1101807 0.5074985 -8.535601 0.110180668532848 0.507498502731323 -8.53560066223145 0.02008134 0.9962505 -8.792835 0.02141496 0.6010983 -8.775578 0.169497 0.5192094 -8.778706 -3.522377 19.91247 -156.589 -2.101196 -0.3484802 0.7466125 4.571985 6.043459 -0.02488207 0 18.24931 -158.4667 0 0 0 0 -0.9530287 -0.9530293 -0.04005926 -0.6998622 -0.01288864 -0.7130377 -0.04826612 -0.7011546 0.005185377 -0.7113553 -0.4410852 0.5031543 0.5091901 0.5413003 0 0 0 0 0 0 0 0 0 0 0 0 0 0 0 0 
1483 -0.007397477 0.997074 -8.55181 0.1104141 0.5075345 -8.535462 0.110414125025272 0.507534503936768 -8.53546237945557 0.02008134 0.9962505 -8.792835 0.02141496 0.6010983 -8.775578 0.169497 0.5192094 -8.778706 -3.508589 19.91161 -156.5762 -2.098083 -0.384613 0.7451643 4.545722 6.068193 -0.07572436 0 18.24931 -158.4667 0 0 0 0 -0.9530287 -0.9530293 -0.04005668 -0.6998633 -0.0130549 -0.7130337 -0.04832923 -0.7013829 0.0048204 -0.7111284 -0.4410852 0.5031543 0.5091901 0.5413003 0 0 0 0 0 0 0 0 0 0 0 0 0 0 0 0 
1515 -0.006754319 0.9970894 -8.551282 0.1119652 0.5077956 -8.534184 0.111965179443359 0.507795572280884 -8.53418350219727 0.02008134 0.9962505 -8.792835 0.02141496 0.6010983 -8.775578 0.169497 0.5192094 -8.778706 -3.423563 19.89947 -156.513 -2.072968 -0.440979 0.7063729 4.529189 6.083551 -0.1102092 0 18.24931 -158.4667 0 0 0 0 -0.9530287 -0.9530293 -0.03995578 -0.699911 -0.01400056 -0.7129747 -0.04842906 -0.7017486 0.004276605 -0.7107643 -0.4410852 0.5031543 0.5091901 0.5413003 0 0 0 0 0 0 0 0 0 0 0 0 0 0 0 0 
1546 -0.006018845 0.9971323 -8.550374 0.1131599 0.5079845 -8.532304 0.113159947097301 0.507984519004822 -8.53230381011963 0.02008134 0.9962505 -8.792835 0.02141496 0.6010983 -8.775578 0.169497 0.5192094 -8.778706 -3.320269 19.95177 -156.3757 -2.115448 -0.5071411 0.7069314 4.334342 6.190858 -0.1768291 0 18.24931 -158.4667 0 0 0 0 -0.9530287 -0.9530293 -0.0400771 -0.6995751 -0.01535355 -0.7132697 -0.04860773 -0.7021921 0.003614789 -0.7103177 -0.4407027 0.5033644 0.5088589 0.5417277 0 0 0 0 0 0 0 0 0 0 0 0 0 0 0 0 
1576 -0.005833451 0.9971431 -8.550153 0.1130623 0.5079145 -8.532402 0.113062284886837 0.507914543151855 -8.53240203857422 0.02008134 0.9962505 -8.792835 0.02141496 0.6010983 -8.775578 0.169497 0.5192094 -8.778706 -3.294315 19.96319 -156.3426 -2.170654 -0.5889587 0.7553016 4.198951 6.34373 -0.1700847 0 18.24931 -158.4667 0 0 0 0 -0.9530287 -0.9530293 -0.04010258 -0.6995002 -0.01568928 -0.7133342 -0.04878876 -0.702341 0.002926758 -0.7101613 -0.4405691 0.5034481 0.5083758 0.5422119 0 0 0 0 0 0 0 0 0 0 0 0 0 0 0 0 
1609 -0.004748551 0.9972267 -8.548655 0.115258 0.5083325 -8.529256 0.115258030593395 0.508332490921021 -8.52925586700439 0.02008134 0.9962505 -8.792835 0.02141496 0.6010983 -8.775578 0.169497 0.5192094 -8.778706 -3.14835 19.95254 -156.1523 -2.181335 -0.6264038 0.7449601 4.177106 6.361862 -0.2495525 0 18.24931 -158.4667 0 0 0 0 -0.9530287 -0.9530293 -0.04041896 -0.699504 -0.01778706 -0.7132635 -0.04895471 -0.7024947 0.00260513 -0.7099989 -0.4403819 0.5034645 0.5080526 0.5426516 0 0 0 0 0 0 0 0 0 0 0 0 0 0 0 0 
1639 -0.00430452 0.9972587 -8.548098 0.1150955 0.5082 -8.529103 0.115095518529415 0.50820004940033 -8.52910327911377 0.02008134 0.9962505 -8.792835 0.02141496 0.6010983 -8.775578 0.169497 0.5192094 -8.778706 -3.089514 19.94021 -156.0845 -2.312714 -0.6027527 0.8731783 3.846508 6.709496 -0.2698467 0 18.24931 -158.4667 0 0 0 0 -0.9530287 -0.9530293 -0.04050614 -0.6995512 -0.01859769 -0.7131915 -0.04928574 -0.7022897 0.002100563 -0.7101805 -0.4401743 0.503377 0.5066858 0.544177 0 0 0 0 0 0 0 0 0 0 0 0 0 0 0 0 
1670 -0.003589645 0.9972875 -8.547492 0.1158112 0.5082327 -8.528399 0.115811161696911 0.508232712745667 -8.52839851379395 0.02008134 0.9962505 -8.792835 0.02141496 0.6010983 -8.775578 0.169497 0.5192094 -8.778706 -2.991507 19.96544 -155.9972 -2.408234 -0.615448 0.9468635 3.840837 6.770654 -0.220927 0 18.24931 -158.4667 0 0 0 0 -0.9530287 -0.9530293 -0.04040372 -0.6993704 -0.01967916 -0.7133456 -0.04951173 -0.7023677 0.002335955 -0.710087 -0.4404062 0.5032617 0.505775 0.544943 0 0 0 0 0 0 0 0 0 0 0 0 0 0 0 0 
1702 -0.003137985 0.997299 -8.547197 0.1157333 0.508098 -8.528556 0.115733340382576 0.508098006248474 -8.52855587005615 0.02008134 0.9962505 -8.792835 0.02141496 0.6010983 -8.775578 0.169497 0.5192094 -8.778706 -2.929296 19.98699 -155.9518 -2.528656 -0.6798401 1.029268 3.720555 6.879909 -0.1906536 0 18.24931 -158.4667 0 0 0 0 -0.9530287 -0.9530293 -0.04026533 -0.6992247 -0.02029029 -0.7134792 -0.04966015 -0.7025306 0.002523862 -0.7099147 -0.4403433 0.5032223 0.5048015 0.5459318 0 0 0 0 0 0 0 0 0 0 0 0 0 0 0 0 
1733 -0.002701584 0.9973309 -8.546683 0.1160988 0.5081152 -8.52797 0.116098783910275 0.508115172386169 -8.52797031402588 0.02008134 0.9962505 -8.792835 0.02141496 0.6010983 -8.775578 0.169497 0.5192094 -8.778706 -2.872435 19.96328 -155.8938 -2.588654 -0.7878723 1.055031 3.667322 6.90805 -0.2326763 0 18.24931 -158.4667 0 0 0 0 -0.9530287 -0.9530293 -0.04032598 -0.6993366 -0.02105732 -0.7133439 -0.04976895 -0.7030283 0.002472092 -0.7094144 -0.4400483 0.5033392 0.5040279 0.5467761 0 0 0 0 0 0 0 0 0 0 0 0 0 0 0 0 
1763 -0.002452102 0.9973555 -8.546322 0.1160385 0.5080553 -8.527857 0.116038516163826 0.508055329322815 -8.52785682678223 0.02008134 0.9962505 -8.792835 0.02141496 0.6010983 -8.775578 0.169497 0.5192094 -8.778706 -2.840521 19.94155 -155.8547 -2.65094 -0.913147 1.094252 3.4929 7.070172 -0.3205974 0 18.24931 -158.4667 0 0 0 0 -0.9530287 -0.9530293 -0.04041611 -0.6994461 -0.02154803 -0.7132167 -0.05002603 -0.703883 0.002363308 -0.7085487 -0.439831 0.5036087 0.502653 0.5479671 0 0 0 0 0 0 0 0 0 0 0 0 0 0 0 0 
1797 -0.00160524 0.9974006 -8.545556 0.1174759 0.5082663 -8.526499 0.117475889623165 0.50826632976532 -8.52649879455566 0.02008134 0.9962505 -8.792835 0.02141496 0.6010983 -8.775578 0.169497 0.5192094 -8.778706 -2.72612 19.94927 -155.7534 -2.688293 -1.025543 1.097834 3.483781 7.135893 -0.4350994 0 18.24931 -158.4667 0 0 0 0 -0.9530287 -0.9530293 -0.04033493 -0.6993538 -0.02286003 -0.7132709 -0.05037456 -0.7046658 0.002154254 -0.7077461 -0.4398958 0.5036691 0.5021865 0.5482871 0 0 0 0 0 0 0 0 0 0 0 0 0 0 0 0 
1827 -0.001105514 0.9974231 -8.545167 0.1175812 0.508181 -8.526429 0.117581181228161 0.508180975914001 -8.52642917633057 0.02008134 0.9962505 -8.792835 0.02141496 0.6010983 -8.775578 0.169497 0.5192094 -8.778706 -2.654366 20.00188 -155.6843 -2.796936 -1.148224 1.170588 3.172335 7.458918 -0.352 0 18.24931 -158.4667 0 0 0 0 -0.9530287 -0.9530293 -0.04022804 -0.6990198 -0.02359914 -0.7135803 -0.05057096 -0.7052817 0.001992503 -0.7071187 -0.4405712 0.5041906 0.4995146 0.5497045 0 0 0 0 0 0 0 0 0 0 0 0 0 0 0 0 
1857 -0.0003570706 0.9974399 -8.544785 0.1186211 0.5082668 -8.526094 0.118621066212654 0.508266806602478 -8.52609443664551 0.02008134 0.9962505 -8.792835 0.02141496 0.6010983 -8.775578 0.169497 0.5192094 -8.778706 -2.551237 20.03716 -155.6234 -2.856628 -1.279266 1.202348 3.046855 7.593856 -0.2936809 0 18.24931 -158.4667 0 0 0 0 -0.9530287 -0.9530293 -0.03991279 -0.6987773 -0.02452662 -0.7138041 -0.05068621 -0.7057329 0.00185475 -0.7066606 -0.4409681 0.5046586 0.4976186 0.5506756 0 0 0 0 0 0 0 0 0 0 0 0 0 0 0 0 
1889 0.0005485386 0.9974459 -8.544502 0.1197594 0.5083215 -8.526006 0.119759373366833 0.508321523666382 -8.52600574493408 0.02008134 0.9962505 -8.792835 0.02141496 0.6010983 -8.775578 0.169497 0.5192094 -8.778706 -2.430992 20.03557 -155.5891 -2.946136 -1.333191 1.251502 2.974089 7.655568 -0.3453472 0 18.24931 -158.4667 0 0 0 0 -0.9530287 -0.9530293 -0.03939702 -0.6987455 -0.02548904 -0.7138301 -0.05064398 -0.7057899 0.001795121 -0.7066069 -0.4411142 0.504771 0.4971402 0.5508876 0 0 0 0 0 0 0 0 0 0 0 0 0 0 0 0 
1921 0.001026902 0.99745 -8.544357 0.1192574 0.508062 -8.526562 0.119257353246212 0.50806200504303 -8.52656173706055 0.02008134 0.9962505 -8.792835 0.02141496 0.6010983 -8.775578 0.169497 0.5192094 -8.778706 -2.369417 20.0143 -155.5789 -3.11676 -1.450287 1.322778 2.785254 7.754961 -0.2174785 0 18.24931 -158.4667 0 0 0 0 -0.9530287 -0.9530293 -0.03912518 -0.6988478 -0.02598681 -0.7137271 -0.05080289 -0.7064018 0.002346092 -0.705982 -0.4416612 0.5056078 0.495196 0.5514328 0 0 0 0 0 0 0 0 0 0 0 0 0 0 0 0 
1952 0.001917252 0.9974688 -8.543972 0.1203575 0.5081331 -8.526135 0.120357513427734 0.508133053779602 -8.52613544464111 0.02008134 0.9962505 -8.792835 0.02141496 0.6010983 -8.775578 0.169497 0.5192094 -8.778706 -2.255806 19.96136 -155.5497 -3.205414 -1.477264 1.351933 2.821878 7.758564 -0.2707012 0 18.24931 -158.4667 0 0 0 0 -0.9530287 -0.9530293 -0.03871462 -0.6991121 -0.02700319 -0.7134528 -0.05092066 -0.7066289 0.002574947 -0.7057455 -0.4417454 0.50608 0.4943627 0.5516798 0 0 0 0 0 0 0 0 0 0 0 0 0 0 0 0 
1983 0.002631363 0.997524 -8.543261 0.1204506 0.5080509 -8.525083 0.120450593531132 0.508050918579102 -8.5250825881958 0.02008134 0.9962505 -8.792835 0.02141496 0.6010983 -8.775578 0.169497 0.5192094 -8.778706 -2.16404 19.91579 -155.474 -3.370636 -1.464569 1.403883 2.711332 7.82269 -0.2396953 0 18.24931 -158.4667 0 0 0 0 -0.9530287 -0.9530293 -0.03871116 -0.6993281 -0.02814767 -0.7131971 -0.05122658 -0.706736 0.00288186 -0.7056149 -0.4419629 0.5066234 0.4934051 0.5518641 0 0 0 0 0 0 0 0 0 0 0 0 0 0 0 0 
2014 0.003208909 0.9975876 -8.5425 0.1205299 0.5080168 -8.52374 0.120529942214489 0.50801682472229 -8.5237398147583 0.02008134 0.9962505 -8.792835 0.02141496 0.6010983 -8.775578 0.169497 0.5192094 -8.778706 -2.086578 19.90798 -155.3779 -3.508514 -1.400726 1.455403 2.525862 7.919838 -0.04825854 0 18.24931 -158.4667 0 0 0 0 -0.9530287 -0.9530293 -0.03885177 -0.6993252 -0.02923584 -0.7131485 -0.05174756 -0.7064865 0.002883149 -0.7058268 -0.4419642 0.5082104 0.4911477 0.5524173 0 0 0 0 0 0 0 0 0 0 0 0 0 0 0 0 
2045 0.003703294 0.9976566 -8.541722 0.1207085 0.5080227 -8.522638 0.120708465576172 0.508022665977478 -8.52263832092285 0.02008134 0.9962505 -8.792835 0.02141496 0.6010983 -8.775578 0.169497 0.5192094 -8.778706 -2.023842 19.86242 -155.2926 -3.608856 -1.388885 1.516578 2.530384 7.941885 0.06751651 0 18.24931 -158.4667 0 0 0 0 -0.9530287 -0.9530293 -0.03908419 -0.6995445 -0.03025859 -0.712878 -0.05213689 -0.7063568 0.002786904 -0.7059283 -0.4418278 0.5086634 0.4908529 0.5523714 0 0 0 0 0 0 0 0 0 0 0 0 0 0 0 0 
2077 0.003680405 0.997713 -8.541155 0.1199356 0.5079408 -8.521074 0.119935609400272 0.507940769195557 -8.52107429504395 0.02008134 0.9962505 -8.792835 0.02141496 0.6010983 -8.775578 0.169497 0.5192094 -8.778706 -2.027636 19.84124 -155.2252 -3.695435 -1.337341 1.484251 2.436171 7.877449 0.1672058 0 18.24931 -158.4667 0 0 0 0 -0.9530287 -0.9530293 -0.03956548 -0.6996491 -0.03069832 -0.7127299 -0.05309647 -0.7062092 0.002082813 -0.7060068 -0.4413339 0.5101802 0.4901584 0.551984 0 0 0 0 0 0 0 0 0 0 0 0 0 0 0 0 
2109 0.003836045 0.9978886 -8.539408 0.1203049 0.5082258 -8.517948 0.120304875075817 0.508225798606873 -8.51794815063477 0.02008134 0.9962505 -8.792835 0.02141496 0.6010983 -8.775578 0.169497 0.5192094 -8.778706 -2.002432 19.84554 -154.9934 -3.692017 -1.322083 1.559219 2.532375 7.713318 0.2132458 0 18.24931 -158.4667 0 0 0 0 -0.9530287 -0.9530293 -0.04084551 -0.6995526 -0.03225967 -0.7126834 -0.05309647 -0.7062092 0.002082813 -0.7060068 -0.4402598 0.5114388 0.4912897 0.5506698 0 0 0 0 0 0 0 0 0 0 0 0 0 0 0 0 
2139 0.00392302 0.9979312 -8.538987 0.1217049 0.508648 -8.516079 0.121704868972301 0.508648037910461 -8.51607894897461 0.02008134 0.9962505 -8.792835 0.02141496 0.6010983 -8.775578 0.169497 0.5192094 -8.778706 -1.988285 19.86168 -154.9322 -3.560181 -1.155945 1.485501 2.651709 7.793046 0.05822073 0 18.24931 -158.4667 0 0 0 0 -0.9530287 -0.9530293 -0.0411104 -0.6994382 -0.03268133 -0.7127614 -0.05394134 -0.7051554 -0.0007716132 -0.7069981 -0.4397037 0.5102986 0.4932177 0.5504482 0 0 0 0 0 0 0 0 0 0 0 0 0 0 0 0 
2170 0.005248246 0.9982316 -8.536069 0.124514 0.5094684 -8.509968 0.124513991177082 0.50946843624115 -8.50996780395508 0.02008134 0.9962505 -8.792835 0.02141496 0.6010983 -8.775578 0.169497 0.5192094 -8.778706 -1.783194 20.06423 -154.4791 -3.571442 -1.175995 1.541343 2.683581 7.811203 0.01847958 0 18.24931 -158.4667 0 0 0 0 -0.9530287 -0.9530293 -0.04231545 -0.6980697 -0.03621988 -0.7138606 -0.05394134 -0.7051554 -0.0007716132 -0.7069981 -0.439226 0.5089517 0.495443 0.5500781 0 0 0 0 0 0 0 0 0 0 0 0 0 0 0 0 
2202 0.005956254 0.9983602 -8.534873 0.1279503 0.5104558 -8.505509 0.12795028090477 0.510455846786499 -8.50550937652588 0.02008134 0.9962505 -8.792835 0.02141496 0.6010983 -8.775578 0.169497 0.5192094 -8.778706 -1.673485 20.17223 -154.2855 -3.371948 -0.7775269 1.437741 3.011687 7.938779 -0.2482708 0 18.24931 -158.4667 0 0 0 0 -0.9530287 -0.9530293 -0.04266196 -0.6973463 -0.03781381 -0.7144641 -0.05431113 -0.7014745 -0.006252818 -0.7105951 -0.438578 0.5055429 0.5007964 0.5488894 0 0 0 0 0 0 0 0 0 0 0 0 0 0 0 0 
2255 0.007308183 0.9987345 -8.531625 0.1305702 0.5113729 -8.498753 0.130570203065872 0.511372923851013 -8.49875259399414 0.02008134 0.9962505 -8.792835 0.02141496 0.6010983 -8.775578 0.169497 0.5192094 -8.778706 -1.447023 20.47103 -153.7575 -3.415955 -0.8229065 1.518118 2.816343 8.051637 0.1118147 0 18.24931 -158.4667 0 0 0 0 -0.9530287 -0.9530293 -0.04405817 -0.6953548 -0.04169009 -0.7161027 -0.05443563 -0.7010223 -0.007058512 -0.7110241 -0.4383403 0.5045696 0.5024647 0.5484501 0 0 0 0 0 0 0 0 0 0 0 0 0 0 0 0 
2282 0.008203112 0.9989713 -8.529687 0.1342018 0.5126225 -8.492477 0.134201794862747 0.512622475624084 -8.49247741699219 0.02008134 0.9962505 -8.792835 0.02141496 0.6010983 -8.775578 0.169497 0.5192094 -8.778706 -1.296434 20.65954 -153.4399 -3.238251 -0.4543762 1.402155 3.300437 8.188694 -0.2337139 0 18.24931 -158.4667 0 0 0 0 -0.9530287 -0.9530293 -0.04480692 -0.6940847 -0.04408425 -0.7171444 -0.05518883 -0.6968696 -0.01281729 -0.7149569 -0.4375448 0.4999409 0.5091387 0.5471677 0 0 0 0 0 0 0 0 0 0 0 0 0 0 0 0 
2313 0.008754716 0.9992206 -8.527741 0.1349708 0.5129926 -8.489694 0.134970843791962 0.51299262046814 -8.4896936416626 0.02008134 0.9962505 -8.792835 0.02141496 0.6010983 -8.775578 0.169497 0.5192094 -8.778706 -1.194424 20.81035 -153.1335 -3.294189 -0.5316162 1.581893 3.183031 8.480773 0.09814662 0 18.24931 -158.4667 0 0 0 0 -0.9530287 -0.9530293 -0.04585175 -0.6930476 -0.04619742 -0.7179478 -0.05516339 -0.6960781 -0.01373004 -0.7157125 -0.4376076 0.4977863 0.5114295 0.5469454 0 0 0 0 0 0 0 0 0 0 0 0 0 0 0 0 
2344 0.009566484 0.9994973 -8.52566 0.1385216 0.5142982 -8.483852 0.138521566987038 0.5142982006073 -8.48385238647461 0.02008134 0.9962505 -8.792835 0.02141496 0.6010983 -8.775578 0.169497 0.5192094 -8.778706 -1.057667 20.94616 -152.8157 -3.103088 -0.1663818 1.542645 3.517401 8.587664 -0.1131389 0 18.24931 -158.4667 0 0 0 0 -0.9530287 -0.9530293 -0.04678953 -0.6920655 -0.04863112 -0.7186737 -0.05502488 -0.6928883 -0.0173759 -0.7187327 -0.4379383 0.4947754 0.5143872 0.5466389 0 0 0 0 0 0 0 0 0 0 0 0 0 0 0 0 
2371 0.0107704 0.9998969 -8.522805 0.1407425 0.515129 -8.47918 0.140742480754852 0.515128970146179 -8.47918033599854 0.02008134 0.9962505 -8.792835 0.02141496 0.6010983 -8.775578 0.169497 0.5192094 -8.778706 -0.8597317 21.10488 -152.3899 -3.156097 -0.2072144 1.74025 3.463773 8.802135 0.1439626 0 18.24931 -158.4667 0 0 0 0 -0.9530287 -0.9530293 -0.04800484 -0.6908576 -0.05203724 -0.7195166 -0.05503549 -0.6921672 -0.01826194 -0.7194045 -0.4380787 0.4924413 0.5171291 0.5460468 0 0 0 0 0 0 0 0 0 0 0 0 0 0 0 0 
2403 0.01132201 1.000106 -8.521371 0.1432953 0.5162085 -8.474229 0.143295273184776 0.516208529472351 -8.47422885894775 0.02008134 0.9962505 -8.792835 0.02141496 0.6010983 -8.775578 0.169497 0.5192094 -8.778706 -0.7711277 21.15371 -152.1863 -3.00528 0.103411 1.608292 3.674003 8.832039 0.003646084 0 18.24931 -158.4667 0 0 0 0 -0.9530287 -0.9530293 -0.04867017 -0.6904322 -0.05369545 -0.7197583 -0.05591172 -0.6891108 -0.02350928 -0.7221135 -0.4377006 0.4903193 0.5205476 0.5450105 0 0 0 0 0 0 0 0 0 0 0 0 0 0 0 0 
2434 0.01207274 1.000535 -8.51852 0.1447212 0.5170851 -8.468765 0.144721210002899 0.517085075378418 -8.46876525878906 0.02008134 0.9962505 -8.792835 0.02141496 0.6010983 -8.775578 0.169497 0.5192094 -8.778706 -0.6403866 21.24636 -151.7812 -3.03363 0.09664553 1.702003 3.462942 9.037661 0.3041828 0 18.24931 -158.4667 0 0 0 0 -0.9530287 -0.9530293 -0.05027882 -0.6896263 -0.05671721 -0.7201886 -0.05614426 -0.6887347 -0.02442349 -0.722424 -0.4374807 0.4899199 0.5214865 0.5446485 0 0 0 0 0 0 0 0 0 0 0 0 0 0 0 0 
2463 0.01232146 1.000767 -8.517029 0.1464836 0.5179479 -8.465248 0.146483600139618 0.517947912216187 -8.46524810791016 0.02008134 0.9962505 -8.792835 0.02141496 0.6010983 -8.775578 0.169497 0.5192094 -8.778706 -0.5986404 21.24532 -151.5848 -2.889313 0.1542753 1.676388 3.815039 9.005868 0.08893101 0 18.24931 -158.4667 0 0 0 0 -0.9530287 -0.9530293 -0.05126364 -0.689508 -0.05816364 -0.720117 -0.05697446 -0.6876624 -0.02853005 -0.7232296 -0.4366016 0.4879812 0.5262806 0.5424787 0 0 0 0 0 0 0 0 0 0 0 0 0 0 0 0 
2491 0.0136032 1.001374 -8.51332 0.1506439 0.5199906 -8.456002 0.150643914937973 0.519990563392639 -8.4560022354126 0.02008134 0.9962505 -8.792835 0.02141496 0.6010983 -8.775578 0.169497 0.5192094 -8.778706 -0.3967876 21.29693 -151.0821 -2.723602 0.3164308 1.571342 3.785451 9.126914 -0.003515216 0 18.24931 -158.4667 0 0 0 0 -0.9530287 -0.9530293 -0.05312831 -0.6888173 -0.06231903 -0.7202951 -0.05750461 -0.6866077 -0.03171754 -0.7240565 -0.4362783 0.4869218 0.5281152 0.5419074 0 0 0 0 0 0 0 0 0 0 0 0 0 0 0 0 
2542 0.01443708 1.00175 -8.511131 0.1520309 0.520552 -8.453577 0.152030929923058 0.520552039146423 -8.45357704162598 0.02008134 0.9962505 -8.792835 0.02141496 0.6010983 -8.775578 0.169497 0.5192094 -8.778706 -0.26544 21.33404 -150.7835 -2.790649 0.3963837 1.870942 3.639884 9.578805 -0.01462817 0 18.24931 -158.4667 0 0 0 0 -0.9530287 -0.9530293 -0.05415911 -0.68835 -0.06484069 -0.7204425 -0.05777974 -0.6854712 -0.03369973 -0.7250211 -0.4358318 0.4848838 0.531003 0.5412717 0 0 0 0 0 0 0 0 0 0 0 0 0 0 0 0 
2572 0.0153198 1.002295 -8.508064 0.1551544 0.522456 -8.444844 0.155154407024384 0.522456049919128 -8.44484424591064 0.02008134 0.9962505 -8.792835 0.02141496 0.6010983 -8.775578 0.169497 0.5192094 -8.778706 -0.1338272 21.30178 -150.3904 -2.63678 0.5725148 1.645572 3.959501 9.161878 -0.1522624 0 18.24931 -158.4667 0 0 0 0 -0.9530287 -0.9530293 -0.0558878 -0.6882151 -0.06811015 -0.7201376 -0.05915435 -0.6839472 -0.0386207 -0.7261033 -0.4345191 0.4840209 0.5353824 0.5387796 0 0 0 0 0 0 0 0 0 0 0 0 0 0 0 0 
2602 0.01582181 1.002573 -8.506553 0.1564751 0.5232272 -8.441442 0.156475052237511 0.523227214813232 -8.44144153594971 0.02008134 0.9962505 -8.792835 0.02141496 0.6010983 -8.775578 0.169497 0.5192094 -8.778706 -0.06741524 21.24627 -150.2096 -2.602325 0.579865 1.610021 3.722152 9.478512 -0.01630663 0 18.24931 -158.4667 0 0 0 0 -0.9530287 -0.9530293 -0.05670755 -0.6883767 -0.06975699 -0.7197614 -0.06088015 -0.6837867 -0.04234017 -0.7259044 -0.4335812 0.484513 0.5372454 0.5372364 0 0 0 0 0 0 0 0 0 0 0 0 0 0 0 0 
2633 0.01656339 1.003095 -8.503792 0.1578003 0.5242553 -8.436261 0.157800287008286 0.524255275726318 -8.43626117706299 0.02008134 0.9962505 -8.792835 0.02141496 0.6010983 -8.775578 0.169497 0.5192094 -8.778706 0.04748344 21.23757 -149.8479 -2.638458 0.6188337 1.701925 3.713623 9.54493 -0.1034954 0 18.24931 -158.4667 0 0 0 0 -0.9530287 -0.9530293 -0.05830119 -0.688117 -0.07267117 -0.719594 -0.0613 -0.6837189 -0.04323788 -0.72588 -0.4330618 0.4845013 0.5386748 0.5362335 0 0 0 0 0 0 0 0 0 0 0 0 0 0 0 0 
2661 0.0167648 1.003341 -8.502512 0.1595383 0.525385 -8.432015 0.159538254141808 0.525385022163391 -8.43201541900635 0.02008134 0.9962505 -8.792835 0.02141496 0.6010983 -8.775578 0.169497 0.5192094 -8.778706 0.08555412 21.25274 -149.6733 -2.47998 0.7358537 1.554566 4.018518 9.5241 -0.2292583 0 18.24931 -158.4667 0 0 0 0 -0.9530287 -0.9530293 -0.05914653 -0.6878896 -0.07391749 -0.7196154 -0.06276299 -0.6827857 -0.04810152 -0.7263273 -0.4326431 0.4833046 0.5424891 0.5338006 0 0 0 0 0 0 0 0 0 0 0 0 0 0 0 0 
2692 0.01765821 1.003921 -8.499615 0.1627747 0.5273274 -8.424812 0.162774652242661 0.527327418327332 -8.42481231689453 0.02008134 0.9962505 -8.792835 0.02141496 0.6010983 -8.775578 0.169497 0.5192094 -8.778706 0.2298088 21.28112 -149.2819 -2.320251 0.8407564 1.466188 3.953719 9.741715 -0.1762187 0 18.24931 -158.4667 0 0 0 0 -0.9530287 -0.9530293 -0.06069723 -0.6873571 -0.07709339 -0.7196618 -0.06311598 -0.6819725 -0.05094122 -0.7268668 -0.4326411 0.4825322 0.5439422 0.5330217 0 0 0 0 0 0 0 0 0 0 0 0 0 0 0 0 
2723 0.01791532 1.00404 -8.49904 0.1640777 0.5277902 -8.424087 0.164077743887901 0.527790188789368 -8.42408657073975 0.02008134 0.9962505 -8.792835 0.02141496 0.6010983 -8.775578 0.169497 0.5192094 -8.778706 0.2732124 21.30639 -149.1986 -2.245087 1.008262 1.580338 3.784849 10.12582 -0.1400554 0 18.24931 -158.4667 0 0 0 0 -0.9530287 -0.9530293 -0.06092371 -0.6871219 -0.07779714 -0.7197918 -0.06331286 -0.6805016 -0.05401338 -0.7280056 -0.4326202 0.4813357 0.5455837 0.5324427 0 0 0 0 0 0 0 0 0 0 0 0 0 0 0 0 
2753 0.01920774 1.00463 -8.49627 0.166906 0.529415 -8.417838 0.166905969381332 0.529415011405945 -8.41783809661865 0.02008134 0.9962505 -8.792835 0.02141496 0.6010983 -8.775578 0.169497 0.5192094 -8.778706 0.502306 21.48122 -148.7805 -2.243042 1.037303 1.593419 3.835209 10.06339 -0.1483257 0 18.24931 -158.4667 0 0 0 0 -0.9530287 -0.9530293 -0.06193238 -0.6856436 -0.08126996 -0.720731 -0.06340521 -0.680095 -0.05466964 -0.7283285 -0.432535 0.4797222 0.5472173 0.5322916 0 0 0 0 0 0 0 0 0 0 0 0 0 0 0 0 
2781 0.01950681 1.004825 -8.495362 0.1676559 0.5298876 -8.416106 0.167655929923058 0.529887557029724 -8.41610622406006 0.02008134 0.9962505 -8.792835 0.02141496 0.6010983 -8.775578 0.169497 0.5192094 -8.778706 0.5514355 21.49218 -148.6574 -2.242645 1.218816 1.671684 3.846024 10.37115 -0.1195171 0 18.24931 -158.4667 0 0 0 0 -0.9530287 -0.9530293 -0.06239737 -0.6854515 -0.08228487 -0.7207584 -0.06367085 -0.6775294 -0.05778485 -0.730453 -0.4326212 0.4776192 0.5494174 0.5318462 0 0 0 0 0 0 0 0 0 0 0 0 0 0 0 0 
2827 0.01976773 1.005605 -8.49173 0.1681686 0.5312889 -8.409286 0.168168634176254 0.531288862228394 -8.40928649902344 0.02008134 0.9962505 -8.792835 0.02141496 0.6010983 -8.775578 0.169497 0.5192094 -8.778706 0.5678024 21.28817 -148.2348 -2.245148 1.243575 1.731171 3.876542 10.3204 0.02867842 0 18.24931 -158.4667 0 0 0 0 -0.9530287 -0.9530293 -0.06523228 -0.6862937 -0.08546218 -0.7193349 -0.06373268 -0.6772149 -0.05845196 -0.7306861 -0.4325199 0.4773056 0.5503889 0.5312051 0 0 0 0 0 0 0 0 0 0 0 0 0 0 0 0 
2864 0.02100217 1.00615 -8.489404 0.1723678 0.5332605 -8.404198 0.172367841005325 0.533260464668274 -8.40419769287109 0.02008134 0.9962505 -8.792835 0.02141496 0.6010983 -8.775578 0.169497 0.5192094 -8.778706 0.7504215 21.28829 -147.9294 -2.082245 1.683788 1.840732 4.134489 10.73714 -0.4098003 0 18.24931 -158.4667 0 0 0 0 -0.9530287 -0.9530293 -0.06605363 -0.6859004 -0.08843066 -0.7192762 -0.06448719 -0.6754642 -0.06230326 -0.7319211 -0.4323848 0.4744727 0.5533938 0.5307311 0 0 0 0 0 0 0 0 0 0 0 0 0 0 0 0 
2895 0.02141874 1.006589 -8.487507 0.1726799 0.5342057 -8.39936 0.172679886221886 0.534205675125122 -8.39935970306396 0.02008134 0.9962505 -8.792835 0.02141496 0.6010983 -8.775578 0.169497 0.5192094 -8.778706 0.850853 21.42153 -147.6359 -2.167633 1.944416 1.853142 3.924845 10.72888 -0.179301 0 18.24931 -158.4667 0 0 0 0 -0.9530287 -0.9530293 -0.067119 -0.6848207 -0.09045334 -0.7199546 -0.06541983 -0.6733922 -0.06481852 -0.7335274 -0.4317131 0.4732214 0.5557734 0.5299079 0 0 0 0 0 0 0 0 0 0 0 0 0 0 0 0 
2925 0.02206723 1.007352 -8.484296 0.1749603 0.5365583 -8.390634 0.174960315227509 0.536558270454407 -8.39063358306885 0.02008134 0.9962505 -8.792835 0.02141496 0.6010983 -8.775578 0.169497 0.5192094 -8.778706 0.9834709 21.50948 -147.1806 -2.045715 1.969443 1.655653 4.096301 10.66483 0.1512971 0 18.24931 -158.4667 0 0 0 0 -0.9530287 -0.9530293 -0.06907208 -0.6838294 -0.09376159 -0.7202888 -0.06694619 -0.6721334 -0.06881481 -0.7341798 -0.4310211 0.4731492 0.5582646 0.5279132 0 0 0 0 0 0 0 0 0 0 0 0 0 0 0 0 
2953 0.02313001 1.008148 -8.481116 0.1775314 0.5383142 -8.385133 0.17753142118454 0.53831422328949 -8.38513278961182 0.02008134 0.9962505 -8.792835 0.02141496 0.6010983 -8.775578 0.169497 0.5192094 -8.778706 1.124306 21.39666 -146.7922 -2.010834 1.921587 1.763924 3.860859 11.15724 0.2872553 0 18.24931 -158.4667 0 0 0 0 -0.9530287 -0.9530293 -0.07081115 -0.6840121 -0.09726581 -0.7194813 -0.06796998 -0.6715512 -0.07172532 -0.7343401 -0.430799 0.4731205 0.559136 0.5271975 0 0 0 0 0 0 0 0 0 0 0 0 0 0 0 0 
2983 0.02385175 1.00868 -8.479054 0.1807419 0.5409226 -8.377151 0.180741876363754 0.54092264175415 -8.3771505355835 0.02008134 0.9962505 -8.792835 0.02141496 0.6010983 -8.775578 0.169497 0.5192094 -8.778706 1.226395 21.35033 -146.5318 -1.784393 2.225745 1.402263 4.048756 11.11558 -0.02186083 0 18.24931 -158.4667 0 0 0 0 -0.9530287 -0.9530293 -0.07189105 -0.683951 -0.09958249 -0.7191153 -0.07034294 -0.669772 -0.07901299 -0.7349932 -0.4300174 0.4722463 0.5630299 0.5244681 0 0 0 0 0 0 0 0 0 0 0 0 0 0 0 0 
3013 0.0254852 1.010076 -8.473824 0.1845604 0.5445617 -8.365254 0.184560388326645 0.544561743736267 -8.36525440216064 0.02008134 0.9962505 -8.792835 0.02141496 0.6010983 -8.775578 0.169497 0.5192094 -8.778706 1.512127 21.43734 -145.8076 -1.745789 2.407991 1.384419 3.854326 11.56375 0.1052921 0 18.24931 -158.4667 0 0 0 0 -0.9530287 -0.9530293 -0.07462081 -0.6825164 -0.1054401 -0.7193651 -0.07107878 -0.6685864 -0.08181645 -0.7356948 -0.429705 0.4711212 0.5653079 0.5232843 0 0 0 0 0 0 0 0 0 0 0 0 0 0 0 0 
3051 0.0268089 1.011222 -8.469735 0.1880188 0.5473512 -8.357346 0.188018798828125 0.547351241111755 -8.35734558105469 0.02008134 0.9962505 -8.792835 0.02141496 0.6010983 -8.775578 0.169497 0.5192094 -8.778706 1.721054 21.4182 -145.2662 -1.677765 2.472593 1.493311 4.005121 11.82365 0.1743529 0 18.24931 -158.4667 0 0 0 0 -0.9530287 -0.9530293 -0.07679051 -0.6818919 -0.1100155 -0.7190437 -0.07249351 -0.6669042 -0.08758567 -0.736419 -0.4289734 0.4693661 0.5705447 0.5197663 0 0 0 0 0 0 0 0 0 0 0 0 0 0 0 0 
3092 0.02872312 1.012449 -8.465619 0.1926521 0.5506629 -8.348672 0.192652136087418 0.550662875175476 -8.34867191314697 0.02008134 0.9962505 -8.792835 0.02141496 0.6010983 -8.775578 0.169497 0.5192094 -8.778706 1.979044 21.2824 -144.7569 -1.604675 2.580867 1.494258 3.98093 11.95974 0.1466474 0 18.24931 -158.4667 0 0 0 0 -0.9530287 -0.9530293 -0.07859143 -0.6818736 -0.1150263 -0.7180817 -0.07400504 -0.6656862 -0.0927526 -0.7367378 -0.4285114 0.468719 0.5734631 0.5175146 0 0 0 0 0 0 0 0 0 0 0 0 0 0 0 0 
3119 0.02975614 1.01309 -8.463548 0.1937042 0.5517415 -8.344913 0.193704232573509 0.551741480827332 -8.34491348266602 0.02008134 0.9962505 -8.792835 0.02141496 0.6010983 -8.775578 0.169497 0.5192094 -8.778706 2.147991 21.31655 -144.4707 -1.764587 2.808254 1.648371 3.960016 12.0739 -0.1755168 0 18.24931 -158.4667 0 0 0 0 -0.9530287 -0.9530293 -0.07933623 -0.681197 -0.1176805 -0.7182118 -0.07536601 -0.664278 -0.09604723 -0.7374485 -0.4267482 0.4671108 0.5781774 0.5151752 0 0 0 0 0 0 0 0 0 0 0 0 0 0 0 0 
3151 0.03151472 1.014335 -8.459617 0.1973114 0.5551122 -8.335428 0.197311401367188 0.555112242698669 -8.33542823791504 0.02008134 0.9962505 -8.792835 0.02141496 0.6010983 -8.775578 0.169497 0.5192094 -8.778706 2.416315 21.2914 -143.9508 -1.763763 2.87419 1.521468 4.071948 12.00223 0.004346807 0 18.24931 -158.4667 0 0 0 0 -0.9530287 -0.9530293 -0.08101416 -0.6804788 -0.1225023 -0.7178992 -0.0767644 -0.6630962 -0.09951035 -0.7379084 -0.4260776 0.4665402 0.5801126 0.5140705 0 0 0 0 0 0 0 0 0 0 0 0 0 0 0 0 
3181 0.0322067 1.014973 -8.457623 0.1982628 0.5564342 -8.331276 0.198262795805931 0.556434154510498 -8.33127593994141 0.02008134 0.9962505 -8.792835 0.02141496 0.6010983 -8.775578 0.169497 0.5192094 -8.778706 2.493299 21.17376 -143.7146 -1.824524 2.965542 1.523204 3.968953 12.32823 -0.03299975 0 18.24931 -158.4667 0 0 0 0 -0.9530287 -0.9530293 -0.082152 -0.6807947 -0.1247122 -0.7170894 -0.07853577 -0.6617929 -0.104048 -0.7382662 -0.4250558 0.4659711 0.5829818 0.5121832 0 0 0 0 0 0 0 0 0 0 0 0 0 0 0 0 
3212 0.03308103 1.01597 -8.454546 0.1999298 0.5586184 -8.324983 0.199929788708687 0.558618426322937 -8.32498264312744 0.02008134 0.9962505 -8.792835 0.02141496 0.6010983 -8.775578 0.169497 0.5192094 -8.778706 2.590847 21.01372 -143.3416 -1.843567 3.030246 1.525272 3.963376 12.46853 -0.065562 0 18.24931 -158.4667 0 0 0 0 -0.9530287 -0.9530293 -0.08405964 -0.6811647 -0.1279833 -0.7159398 -0.0796444 -0.6617147 -0.1062044 -0.7379103 -0.4245794 0.4659094 0.5839801 0.5114967 0 0 0 0 0 0 0 0 0 0 0 0 0 0 0 0 
3247 0.03415601 1.017006 -8.45147 0.2018623 0.560782 -8.319071 0.201862305402756 0.560781955718994 -8.31907081604004 0.02008134 0.9962505 -8.792835 0.02141496 0.6010983 -8.775578 0.169497 0.5192094 -8.778706 2.671419 20.71773 -143.0055 -1.874725 3.028546 1.515646 4.117213 12.24254 -0.2461956 0 18.24931 -158.4667 0 0 0 0 -0.9530287 -0.9530293 -0.08596137 -0.6823443 -0.131318 -0.713984 -0.08172877 -0.6621041 -0.1093922 -0.7368667 -0.4222631 0.4668846 0.5881805 0.5076981 0 0 0 0 0 0 0 0 0 0 0 0 0 0 0 0 
3275 0.03603971 1.018452 -8.447395 0.2051727 0.5639819 -8.310841 0.205172702670097 0.563981890678406 -8.31084060668945 0.02008134 0.9962505 -8.792835 0.02141496 0.6010983 -8.775578 0.169497 0.5192094 -8.778706 2.85907 20.39278 -142.5403 -1.951294 3.205673 1.526012 4.088013 12.43344 -0.4967754 0 18.24931 -158.4667 0 0 0 0 -0.9530287 -0.9530293 -0.08803315 -0.6833796 -0.1361671 -0.7118298 -0.08372108 -0.6621648 -0.1123665 -0.7361406 -0.4215576 0.4673334 0.5896412 0.5061747 0 0 0 0 0 0 0 0 0 0 0 0 0 0 0 0 
3317 0.03736875 1.019614 -8.444196 0.2067192 0.5660346 -8.304977 0.206719174981117 0.566034555435181 -8.30497741699219 0.02008134 0.9962505 -8.792835 0.02141496 0.6010983 -8.775578 0.169497 0.5192094 -8.778706 3.005361 20.20537 -142.1532 -2.118591 3.434823 1.655275 4.130317 12.50196 -0.6339519 0 18.24931 -158.4667 0 0 0 0 -0.9530287 -0.9530293 -0.0897238 -0.683768 -0.1399065 -0.7105193 -0.08551342 -0.661814 -0.1156407 -0.7357427 -0.4202995 0.4677154 0.5929294 0.5030174 0 0 0 0 0 0 0 0 0 0 0 0 0 0 0 0 
3345 0.03886487 1.020864 -8.440871 0.2104934 0.5699714 -8.295836 0.210493445396423 0.569971442222595 -8.29583644866943 0.02008134 0.9962505 -8.792835 0.02141496 0.6010983 -8.775578 0.169497 0.5192094 -8.778706 3.147899 19.9406 -141.7677 -2.000336 3.452492 1.324049 4.375599 12.24566 -0.5066936 0 18.24931 -158.4667 0 0 0 0 -0.9530287 -0.9530293 -0.09148375 -0.6845729 -0.1438373 -0.7087328 -0.08853419 -0.6619165 -0.1221281 -0.7342436 -0.4191143 0.4689184 0.5963023 0.498882 0 0 0 0 0 0 0 0 0 0 0 0 0 0 0 0 
3376 0.04115216 1.022577 -8.43653 0.2144935 0.5733671 -8.288345 0.214493528008461 0.573367118835449 -8.28834533691406 0.02008134 0.9962505 -8.792835 0.02141496 0.6010983 -8.775578 0.169497 0.5192094 -8.778706 3.353061 19.52776 -141.2783 -2.105347 3.580094 1.459304 4.164399 12.72358 -0.6790874 0 18.24931 -158.4667 0 0 0 0 -0.9530287 -0.9530293 -0.09361173 -0.685954 -0.1491982 -0.7060061 -0.08976115 -0.6620336 -0.1247725 -0.7335441 -0.4185369 0.4693561 0.5981438 0.4967461 0 0 0 0 0 0 0 0 0 0 0 0 0 0 0 0 
3407 0.04242093 1.023492 -8.434299 0.2155464 0.574365 -8.285608 0.215546384453774 0.574365019798279 -8.28560829162598 0.02008134 0.9962505 -8.792835 0.02141496 0.6010983 -8.775578 0.169497 0.5192094 -8.778706 3.488211 19.36819 -141.0107 -2.334015 3.822967 1.73845 4.256592 12.65441 -0.8758953 0 18.24931 -158.4667 0 0 0 0 -0.9530287 -0.9530293 -0.09456841 -0.6862974 -0.152079 -0.7049294 -0.09093996 -0.6620896 -0.1273396 -0.732907 -0.4174899 0.4701262 0.6015316 0.4927925 0 0 0 0 0 0 0 0 0 0 0 0 0 0 0 0 
3437 0.04506071 1.025388 -8.429822 0.2209381 0.5792044 -8.275604 0.220938086509705 0.579204440116882 -8.27560424804688 0.02008134 0.9962505 -8.792835 0.02141496 0.6010983 -8.775578 0.169497 0.5192094 -8.778706 3.763304 19.02947 -140.4743 -2.329834 3.872591 1.595427 4.445955 12.44206 -0.7516582 0 18.24931 -158.4667 0 0 0 0 -0.9530287 -0.9530293 -0.09645395 -0.6870499 -0.1579339 -0.7026497 -0.09263448 -0.6620233 -0.1311567 -0.7320809 -0.4170451 0.4702678 0.6032329 0.4909508 0 0 0 0 0 0 0 0 0 0 0 0 0 0 0 0 
3484 0.04819715 1.027928 -8.424031 0.2267059 0.5853753 -8.262544 0.22670590877533 0.585375308990479 -8.26254367828369 0.02008134 0.9962505 -8.792835 0.02141496 0.6010983 -8.775578 0.169497 0.5192094 -8.778706 4.110502 18.68685 -139.7467 -2.414825 4.108725 1.473159 4.411788 12.71173 -1.02238 0 18.24931 -158.4667 0 0 0 0 -0.9530287 -0.9530293 -0.09903903 -0.6874006 -0.1653786 -0.7002302 -0.09525369 -0.6611828 -0.1374502 -0.7313495 -0.4161427 0.4700445 0.6070309 0.4872349 0 0 0 0 0 0 0 0 0 0 0 0 0 0 0 0 
3523 0.04984968 1.029556 -8.420388 0.227874 0.5874256 -8.257219 0.227873966097832 0.587425589561462 -8.2572193145752 0.02008134 0.9962505 -8.792835 0.02141496 0.6010983 -8.775578 0.169497 0.5192094 -8.778706 4.303604 18.52801 -139.2703 -2.730927 4.254596 1.787205 4.348443 13.04961 -1.094279 0 18.24931 -158.4667 0 0 0 0 -0.9530287 -0.9530293 -0.1008755 -0.6872855 -0.1698558 -0.6990081 -0.0971716 -0.660819 -0.1413215 -0.7306879 -0.4148116 0.4699151 0.6112953 0.4831461 0 0 0 0 0 0 0 0 0 0 0 0 0 0 0 0 
3552 0.05254438 1.032304 -8.414468 0.2339744 0.5947092 -8.243033 0.233974426984787 0.594709157943726 -8.24303340911865 0.02008134 0.9962505 -8.792835 0.02141496 0.6010983 -8.775578 0.169497 0.5192094 -8.778706 4.511987 18.01179 -138.5525 -2.631073 4.357772 1.464549 4.85111 12.69617 -1.118052 0 18.24931 -158.4667 0 0 0 0 -0.9530287 -0.9530293 -0.104294 -0.6886807 -0.1769189 -0.6953719 -0.1001588 -0.659824 -0.1484655 -0.7297665 -0.4136687 0.4697423 0.6157214 0.4786528 0 0 0 0 0 0 0 0 0 0 0 0 0 0 0 0 
3582 0.0529846 1.032882 -8.413225 0.2328537 0.5939312 -8.243623 0.232853665947914 0.593931198120117 -8.24362277984619 0.02008134 0.9962505 -8.792835 0.02141496 0.6010983 -8.775578 0.169497 0.5192094 -8.778706 4.533759 17.89687 -138.4024 -2.938599 4.656213 1.938696 4.639381 13.17743 -1.417155 0 18.24931 -158.4667 0 0 0 0 -0.9530287 -0.9530293 -0.1051403 -0.6890339 -0.1782882 -0.6945443 -0.1015908 -0.6598139 -0.1512762 -0.7290001 -0.4120312 0.4707499 0.6196378 0.473999 0 0 0 0 0 0 0 0 0 0 0 0 0 0 0 0 
3611 0.0549217 1.035366 -8.40804 0.2378959 0.6012791 -8.229477 0.237895935773849 0.601279139518738 -8.22947692871094 0.02008134 0.9962505 -8.792835 0.02141496 0.6010983 -8.775578 0.169497 0.5192094 -8.778706 4.697619 17.56861 -137.7343 -2.754089 4.606253 1.42891 5.044899 12.61083 -1.233195 0 18.24931 -158.4667 0 0 0 0 -0.9530287 -0.9530293 -0.108363 -0.6894869 -0.1842455 -0.6920401 -0.1046771 -0.6600288 -0.1567558 -0.727209 -0.4113025 0.4710648 0.6214717 0.4719133 0 0 0 0 0 0 0 0 0 0 0 0 0 0 0 0 
3647 0.05630339 1.038135 -8.402297 0.2399185 0.606545 -8.218418 0.239918485283852 0.606544971466064 -8.21841812133789 0.02008134 0.9962505 -8.792835 0.02141496 0.6010983 -8.775578 0.169497 0.5192094 -8.778706 4.850659 17.40534 -136.9407 -2.892487 4.964208 1.638718 5.007732 13.37578 -1.754344 0 18.24931 -158.4667 0 0 0 0 -0.9530287 -0.9530293 -0.1122933 -0.6888201 -0.1904067 -0.6904078 -0.1064887 -0.6584997 -0.1611017 -0.7273824 -0.4102975 0.4693555 0.6263281 0.468055 0 0 0 0 0 0 0 0 0 0 0 0 0 0 0 0 
3683 0.0578079 1.041166 -8.396265 0.2434013 0.6132666 -8.205863 0.243401303887367 0.613266587257385 -8.2058629989624 0.02008134 0.9962505 -8.792835 0.02141496 0.6010983 -8.775578 0.169497 0.5192094 -8.778706 4.945152 17.07396 -136.138 -2.856171 5.262747 1.661036 5.381855 13.41776 -1.70811 0 18.24931 -158.4667 0 0 0 0 -0.9530287 -0.9530293 -0.1166938 -0.68907 -0.196782 -0.6876355 -0.1092249 -0.6561171 -0.1678316 -0.7276079 -0.4091576 0.4678078 0.6317185 0.4633342 0 0 0 0 0 0 0 0 0 0 0 0 0 0 0 0 
3714 0.05875852 1.042758 -8.393239 0.2454742 0.617709 -8.19762 0.245474219322205 0.617709040641785 -8.1976203918457 0.02008134 0.9962505 -8.792835 0.02141496 0.6010983 -8.775578 0.169497 0.5192094 -8.778706 5.002963 16.8736 -135.7393 -2.826416 5.578905 1.453925 5.506973 13.54841 -1.950969 0 18.24931 -158.4667 0 0 0 0 -0.9530287 -0.9530293 -0.1188137 -0.6893423 -0.2001236 -0.6860333 -0.1138853 -0.6542388 -0.176114 -0.7266267 -0.4068257 0.4668506 0.6374384 0.458494 0 0 0 0 0 0 0 0 0 0 0 0 0 0 0 0 
3750 0.06058881 1.046893 -8.385509 0.2487236 0.6261955 -8.182003 0.248723581433296 0.626195549964905 -8.18200302124023 0.02008134 0.9962505 -8.792835 0.02141496 0.6010983 -8.775578 0.169497 0.5192094 -8.778706 5.022807 16.29925 -134.7277 -2.890594 5.765058 1.453487 5.469697 13.81916 -1.940257 0 18.24931 -158.4667 0 0 0 0 -0.9530287 -0.9530293 -0.1249504 -0.6905174 -0.2080782 -0.6813788 -0.1158565 -0.6533508 -0.1793515 -0.7263221 -0.4055261 0.4663178 0.640312 0.4561775 0 0 0 0 0 0 0 0 0 0 0 0 0 0 0 0 
3785 0.06107557 1.047794 -8.383901 0.2490585 0.6273662 -8.179697 0.249058499932289 0.627366185188293 -8.17969703674316 0.02008134 0.9962505 -8.792835 0.02141496 0.6010983 -8.775578 0.169497 0.5192094 -8.778706 5.032445 16.16346 -134.5186 -3.019867 6.338961 1.723276 5.664877 14.30248 -2.502543 0 18.24931 -158.4667 0 0 0 0 -0.9530287 -0.9530293 -0.1261804 -0.690827 -0.2098102 -0.6803065 -0.1194892 -0.6514463 -0.1858853 -0.7258011 -0.4034455 0.4649524 0.6459093 0.451501 0 0 0 0 0 0 0 0 0 0 0 0 0 0 0 0 
3816 0.0640045 1.052542 -8.375806 0.2552017 0.6387024 -8.161386 0.255201697349548 0.638702392578125 -8.16138553619385 0.02008134 0.9962505 -8.792835 0.02141496 0.6010983 -8.775578 0.169497 0.5192094 -8.778706 5.278534 15.74945 -133.3881 -2.988403 6.515862 1.507987 5.921243 13.8948 -2.273814 0 18.24931 -158.4667 0 0 0 0 -0.9530287 -0.9530293 -0.1314718 -0.6904294 -0.2193221 -0.6766984 -0.1214536 -0.6503998 -0.1892913 -0.7255332 -0.4020886 0.4639905 0.6491587 0.449034 0 0 0 0 0 0 0 0 0 0 0 0 0 0 0 0 
3853 0.06531446 1.055298 -8.371213 0.2557533 0.6422004 -8.154697 0.255753308534622 0.642200350761414 -8.15469741821289 0.02008134 0.9962505 -8.792835 0.02141496 0.6010983 -8.775578 0.169497 0.5192094 -8.778706 5.380151 15.54902 -132.7329 -3.319366 6.757029 1.953709 5.912591 14.39984 -2.767802 0 18.24931 -158.4667 0 0 0 0 -0.9530287 -0.9530293 -0.1347525 -0.6900114 -0.224476 -0.6747868 -0.1247386 -0.6490665 -0.194813 -0.7247078 0.3989304 -0.4622497 -0.6563701 -0.4431242 0 0 0 0 0 0 0 0 0 0 0 0 0 0 0 0 
3891 0.06756971 1.059748 -8.364125 0.2614914 0.6546565 -8.135891 0.261491358280182 0.654656529426575 -8.13589096069336 0.02008134 0.9962505 -8.792835 0.02141496 0.6010983 -8.775578 0.169497 0.5192094 -8.778706 5.626264 15.34332 -131.6842 -3.124237 6.871514 1.4144 6.619432 13.8737 -2.903575 0 18.24931 -158.4667 0 0 0 0 -0.9530287 -0.9530293 -0.1394234 -0.6885238 -0.2328367 -0.6725206 -0.1297772 -0.6473652 -0.2045978 -0.7226456 0.3968305 -0.4610947 -0.6626211 -0.4368655 0 0 0 0 0 0 0 0 0 0 0 0 0 0 0 0 
3930 0.06947935 1.063351 -8.358654 0.2647468 0.6609547 -8.126825 0.264746844768524 0.660954713821411 -8.1268253326416 0.02008134 0.9962505 -8.792835 0.02141496 0.6010983 -8.775578 0.169497 0.5192094 -8.778706 5.895198 15.27517 -130.8431 -3.285431 7.222003 1.851706 6.40454 15.06556 -3.11082 0 18.24931 -158.4667 0 0 0 0 -0.9530287 -0.9530293 -0.1426894 -0.6866329 -0.23963 -0.6713815 -0.1312437 -0.6444468 -0.2101866 -0.7233848 0.3964819 -0.4584648 -0.6670789 -0.4331499 0 0 0 0 0 0 0 0 0 0 0 0 0 0 0 0 
3961 0.0698593 1.064249 -8.357297 0.2650604 0.6638671 -8.12195 0.265060395002365 0.663867115974426 -8.12195014953613 0.02008134 0.9962505 -8.792835 0.02141496 0.6010983 -8.775578 0.169497 0.5192094 -8.778706 5.936678 15.23837 -130.6384 -3.322571 7.494646 1.647469 6.823275 14.7264 -3.140849 0 18.24931 -158.4667 0 0 0 0 -0.9530287 -0.9530293 -0.1436336 -0.686311 -0.2412093 -0.6709437 -0.1348702 -0.6405488 -0.2184294 -0.7237378 0.3944763 -0.4557561 -0.6738162 -0.4273728 0 0 0 0 0 0 0 0 0 0 0 0 0 0 0 0 
3990 0.07117765 1.068063 -8.351585 0.267839 0.672398 -8.109573 0.267839014530182 0.672397971153259 -8.10957336425781 0.02008134 0.9962505 -8.792835 0.02141496 0.6010983 -8.775578 0.169497 0.5192094 -8.778706 5.910476 14.81993 -129.8311 -3.290802 7.50881 1.498073 6.940955 14.80119 -2.972422 0 18.24931 -158.4667 0 0 0 0 -0.9530287 -0.9530293 -0.1485313 -0.6867536 -0.2472354 -0.6672205 -0.1364388 -0.6399242 -0.2211327 -0.7231753 0.393482 -0.4554229 -0.6762147 -0.4248487 0 0 0 0 0 0 0 0 0 0 0 0 0 0 0 0 
4040 0.07182691 1.070534 -8.347942 0.268708 0.6758071 -8.10458 0.268708020448685 0.675807118415833 -8.10457992553711 0.02008134 0.9962505 -8.792835 0.02141496 0.6010983 -8.775578 0.169497 0.5192094 -8.778706 5.907801 14.6341 -129.2949 -3.418121 7.840057 1.922956 6.925333 15.57108 -3.373149 0 18.24931 -158.4667 0 0 0 0 -0.9530287 -0.9530293 -0.151668 -0.6865246 -0.2510326 -0.6653301 -0.1381949 -0.6391944 -0.2247498 -0.7223716 0.393377 -0.4543777 -0.6786333 -0.4222003 0 0 0 0 0 0 0 0 0 0 0 0 0 0 0 0 
4071 0.07268522 1.072823 -8.344708 0.2713333 0.6823486 -8.095982 0.271333277225494 0.682348608970642 -8.09598159790039 0.02008134 0.9962505 -8.792835 0.02141496 0.6010983 -8.775578 0.169497 0.5192094 -8.778706 5.939932 14.4565 -128.8149 -3.296204 8.319925 1.746934 7.107334 15.53708 -3.334574 0 18.24931 -158.4667 0 0 0 0 -0.9530287 -0.9530293 -0.1542466 -0.6862886 -0.2546635 -0.6635986 -0.1403053 -0.6359584 -0.2310801 -0.7228236 0.3931754 -0.4530199 -0.6807556 -0.4204271 0 0 0 0 0 0 0 0 0 0 0 0 0 0 0 0 
4101 0.07314375 1.073843 -8.343308 0.2718452 0.6844463 -8.09294 0.27184522151947 0.684446334838867 -8.09294033050537 0.02008134 0.9962505 -8.792835 0.02141496 0.6010983 -8.775578 0.169497 0.5192094 -8.778706 5.923293 14.30971 -128.6206 -3.348602 8.426867 1.728361 7.169193 15.56172 -3.266795 0 18.24931 -158.4667 0 0 0 0 -0.9530287 -0.9530293 -0.1554689 -0.6866181 -0.2562119 -0.6623753 -0.1427629 -0.6350725 -0.2348333 -0.7219111 0.3912413 -0.4519473 -0.6855208 -0.4156151 0 0 0 0 0 0 0 0 0 0 0 0 0 0 0 0 
4129 0.07399519 1.075978 -8.340394 0.2731354 0.688291 -8.087731 0.273135364055634 0.688290953636169 -8.08773136138916 0.02008134 0.9962505 -8.792835 0.02141496 0.6010983 -8.775578 0.169497 0.5192094 -8.778706 5.901382 14.05486 -128.2031 -3.422241 8.530032 1.827269 7.162828 15.69536 -3.298198 0 18.24931 -158.4667 0 0 0 0 -0.9530287 -0.9530293 -0.1579997 -0.6869845 -0.259423 -0.6601428 -0.1434097 -0.6349496 -0.2356023 -0.7216404 0.3908691 -0.4519536 -0.6861378 -0.41494 0 0 0 0 0 0 0 0 0 0 0 0 0 0 0 0 
4160 0.07424467 1.077101 -8.33883 0.2728622 0.6908978 -8.0835 0.27286222577095 0.690897822380066 -8.08349990844727 0.02008134 0.9962505 -8.792835 0.02141496 0.6010983 -8.775578 0.169497 0.5192094 -8.778706 5.872869 13.94539 -127.9746 -3.51767 8.859903 1.765008 7.312772 15.72279 -3.608714 0 18.24931 -158.4667 0 0 0 0 -0.9530287 -0.9530293 -0.159485 -0.6870627 -0.2609924 -0.659085 -0.1457865 -0.6331829 -0.2391708 -0.7215426 0.3895661 -0.4509197 -0.688941 -0.4126391 0 0 0 0 0 0 0 0 0 0 0 0 0 0 0 0 
4190 0.074559 1.078779 -8.336509 0.2732345 0.6941043 -8.078925 0.27323454618454 0.694104313850403 -8.07892513275146 0.02008134 0.9962505 -8.792835 0.02141496 0.6010983 -8.775578 0.169497 0.5192094 -8.778706 5.76153 13.69322 -127.6544 -3.557648 9.05873 1.79835 7.367711 15.91421 -3.447245 0 18.24931 -158.4667 0 0 0 0 -0.9530287 -0.9530293 -0.1619978 -0.6877921 -0.2631228 -0.6568605 -0.1466455 -0.6321233 -0.2406711 -0.7217986 0.3891367 -0.4503264 -0.6900799 -0.4117882 0 0 0 0 0 0 0 0 0 0 0 0 0 0 0 0 
4219 0.07511671 1.080746 -8.333878 0.27406 0.6988502 -8.072395 0.274060040712357 0.698850154876709 -8.07239532470703 0.02008134 0.9962505 -8.792835 0.02141496 0.6010983 -8.775578 0.169497 0.5192094 -8.778706 5.641984 13.37437 -127.2943 -3.572601 9.28837 1.634744 7.443566 15.92919 -3.579783 0 18.24931 -158.4667 0 0 0 0 -0.9530287 -0.9530293 -0.1647721 -0.6887587 -0.2656744 -0.654125 -0.149537 -0.6312198 -0.2441177 -0.720838 0.3878074 -0.4504278 -0.6919769 -0.4097428 0 0 0 0 0 0 0 0 0 0 0 0 0 0 0 0 
4254 0.07566984 1.083505 -8.330201 0.274646 0.7037877 -8.06559 0.274645984172821 0.703787684440613 -8.06558990478516 0.02008134 0.9962505 -8.792835 0.02141496 0.6010983 -8.775578 0.169497 0.5192094 -8.778706 5.4702 12.98824 -126.7776 -3.653809 9.471583 1.722301 7.357067 16.03669 -3.598368 0 18.24931 -158.4667 0 0 0 0 -0.9530287 -0.9530293 -0.1687426 -0.6897701 -0.2691146 -0.6506313 -0.1515655 -0.6313159 -0.2461738 -0.7196299 0.3858343 -0.4522127 -0.6935326 -0.4070001 0 0 0 0 0 0 0 0 0 0 0 0 0 0 0 0 
4291 0.07716063 1.08716 -8.325657 0.2773506 0.7102493 -8.057965 0.277350604534149 0.710249304771423 -8.05796527862549 0.02008134 0.9962505 -8.792835 0.02141496 0.6010983 -8.775578 0.169497 0.5192094 -8.778706 5.436707 12.59731 -126.0991 -3.742706 9.726514 1.975221 7.487014 16.11909 -3.802714 0 18.24931 -158.4667 0 0 0 0 -0.9530287 -0.9530293 -0.1727311 -0.6901087 -0.2743216 -0.6470412 -0.153526 -0.6314199 -0.2483746 -0.7183658 0.3844519 -0.45284 -0.6957057 -0.40389 0 0 0 0 0 0 0 0 0 0 0 0 0 0 0 0 
4322 0.07791056 1.088825 -8.323651 0.2788422 0.7163233 -8.050401 0.278842151165009 0.716323256492615 -8.05040073394775 0.02008134 0.9962505 -8.792835 0.02141496 0.6010983 -8.775578 0.169497 0.5192094 -8.778706 5.483712 12.49574 -125.779 -3.699921 10.21692 1.591543 7.852664 15.85439 -4.09553 0 18.24931 -158.4667 0 0 0 0 -0.9530287 -0.9530293 -0.1742212 -0.6897289 -0.2768473 -0.6459701 -0.1579276 -0.6282899 -0.2569718 -0.717131 0.3825392 -0.4519739 -0.7008889 -0.3976672 0 0 0 0 0 0 0 0 0 0 0 0 0 0 0 0 
4353 0.0789474 1.091291 -8.320711 0.2804191 0.7206222 -8.045376 0.280419141054153 0.720622181892395 -8.04537582397461 0.02008134 0.9962505 -8.792835 0.02141496 0.6010983 -8.775578 0.169497 0.5192094 -8.778706 5.523838 12.32181 -125.3131 -3.795959 10.25102 1.738263 7.603777 16.37391 -3.684916 0 18.24931 -158.4667 0 0 0 0 -0.9530287 -0.9530293 -0.1765522 -0.6893423 -0.2804555 -0.6441908 -0.1586971 -0.6279785 -0.2582996 -0.7167568 0.3821301 -0.4518808 -0.7018855 -0.3964063 0 0 0 0 0 0 0 0 0 0 0 0 0 0 0 0 
4380 0.0799377 1.093719 -8.317868 0.2826378 0.7272998 -8.037786 0.282637774944305 0.727299809455872 -8.03778553009033 0.02008134 0.9962505 -8.792835 0.02141496 0.6010983 -8.775578 0.169497 0.5192094 -8.778706 5.518022 12.09624 -124.8718 -3.734894 10.44103 1.486595 8.0032 16.11022 -3.973124 0 18.24931 -158.4667 0 0 0 0 -0.9530287 -0.9530293 -0.1790083 -0.6893374 -0.2838405 -0.6420321 -0.1614119 -0.6261165 -0.2641501 -0.7156463 0.3805617 -0.4508258 -0.7062899 -0.3912598 0 0 0 0 0 0 0 0 0 0 0 0 0 0 0 0 
4411 0.0806869 1.095357 -8.316003 0.2838539 0.730244 -8.034555 0.283853888511658 0.730244040489197 -8.03455543518066 0.02008134 0.9962505 -8.792835 0.02141496 0.6010983 -8.775578 0.169497 0.5192094 -8.778706 5.494178 11.90024 -124.5891 -3.796112 10.63461 1.591565 8.048354 16.37604 -4.101573 0 18.24931 -158.4667 0 0 0 0 -0.9530287 -0.9530293 -0.1806872 -0.6896085 -0.2860774 -0.6402755 -0.1626987 -0.6252668 -0.2670964 -0.7150041 0.3794976 -0.4501169 -0.7093915 -0.3874806 0 0 0 0 0 0 0 0 0 0 0 0 0 0 0 0 
4458 0.08209834 1.098386 -8.312623 0.2870666 0.7380308 -8.026394 0.287066638469696 0.738030791282654 -8.02639389038086 0.02008134 0.9962505 -8.792835 0.02141496 0.6010983 -8.775578 0.169497 0.5192094 -8.778706 5.466771 11.56046 -124.0677 -3.724487 10.82954 1.382118 8.159328 16.29304 -4.155924 0 18.24931 -158.4667 0 0 0 0 -0.9530287 -0.9530293 -0.1836647 -0.6899488 -0.290224 -0.637188 -0.1645518 -0.6241309 -0.2713554 -0.7139679 0.3787359 -0.4497989 -0.7112807 -0.3851244 0 0 0 0 0 0 0 0 0 0 0 0 0 0 0 0 
4495 0.08334956 1.102006 -8.308578 0.2896743 0.7467979 -8.016938 0.289674341678619 0.746797919273376 -8.01693820953369 0.02008134 0.9962505 -8.792835 0.02141496 0.6010983 -8.775578 0.169497 0.5192094 -8.778706 5.283055 11.06176 -123.4657 -3.680725 11.04104 1.146759 8.117984 16.49348 -4.33848 0 18.24931 -158.4667 0 0 0 0 -0.9530287 -0.9530293 -0.1879977 -0.6911159 -0.2945697 -0.6326492 -0.1677843 -0.6229627 -0.2776686 -0.7118052 0.3771645 -0.4498743 -0.7144166 -0.3807489 0 0 0 0 0 0 0 0 0 0 0 0 0 0 0 0 
4527 0.08509517 1.105401 -8.305038 0.2928466 0.7533056 -8.01065 0.292846649885178 0.753305554389954 -8.01064968109131 0.02008134 0.9962505 -8.792835 0.02141496 0.6010983 -8.775578 0.169497 0.5192094 -8.778706 5.191796 10.58574 -122.9266 -3.753113 11.27915 1.251802 8.086086 16.68144 -4.637614 0 18.24931 -158.4667 0 0 0 0 -0.9530287 -0.9530293 -0.1913696 -0.6921019 -0.2989728 -0.6284812 -0.1708043 -0.6232018 -0.2818199 -0.7092416 0.3746478 -0.4510579 -0.7176812 -0.3756602 0 0 0 0 0 0 0 0 0 0 0 0 0 0 0 0 
4558 0.08557963 1.106096 -8.304359 0.2930961 0.7539371 -8.009881 0.293096125125885 0.753937125205994 -8.00988101959229 0.02008134 0.9962505 -8.792835 0.02141496 0.6010983 -8.775578 0.169497 0.5192094 -8.778706 5.193784 10.48829 -122.8201 -3.886322 11.69928 1.448911 8.14009 16.90588 -4.909037 0 18.24931 -158.4667 0 0 0 0 -0.9530287 -0.9530293 -0.1919034 -0.6922652 -0.2999629 -0.6276662 -0.172042 -0.6223202 -0.2853008 -0.7083243 0.3744419 -0.4501639 -0.7197897 -0.3728935 0 0 0 0 0 0 0 0 0 0 0 0 0 0 0 0 
4588 0.08751902 1.109219 -8.301297 0.2978172 0.7629179 -8.001888 0.297817200422287 0.762917876243591 -8.00188827514648 0.02008134 0.9962505 -8.792835 0.02141496 0.6010983 -8.775578 0.169497 0.5192094 -8.778706 5.271803 10.19451 -122.3071 -3.757233 12.09753 1.205076 8.406559 16.73235 -4.723124 0 18.24931 -158.4667 0 0 0 0 -0.9530287 -0.9530293 -0.1940909 -0.6920868 -0.3044913 -0.6250042 -0.1720936 -0.6197898 -0.2889887 -0.7090349 0.3747548 -0.4484303 -0.72155 -0.3712622 0 0 0 0 0 0 0 0 0 0 0 0 0 0 0 0 
4625 0.08978495 1.113845 -8.296739 0.3023002 0.773856 -7.991712 0.302300244569778 0.773856043815613 -7.99171209335327 0.02008134 0.9962505 -8.792835 0.02141496 0.6010983 -8.775578 0.169497 0.5192094 -8.778706 5.320958 9.81386 -121.5334 -3.774994 12.6683 1.147032 8.599052 17.1576 -4.993296 0 18.24931 -158.4667 0 0 0 0 -0.9530287 -0.9530293 -0.1978126 -0.6916267 -0.3107434 -0.6212584 -0.172517 -0.6163052 -0.2947408 -0.7096015 0.3753104 -0.443753 -0.726494 -0.3666509 0 0 0 0 0 0 0 0 0 0 0 0 0 0 0 0 
4664 0.09118418 1.116823 -8.293874 0.3048439 0.7802472 -7.985875 0.304843872785568 0.780247211456299 -7.98587512969971 0.02008134 0.9962505 -8.792835 0.02141496 0.6010983 -8.775578 0.169497 0.5192094 -8.778706 5.329783 9.557291 -121.0443 -3.838501 13.18638 1.237426 8.529865 17.66742 -4.972392 0 18.24931 -158.4667 0 0 0 0 -0.9530287 -0.9530293 -0.2002755 -0.6914244 -0.3146358 -0.6187301 -0.1737081 -0.6132777 -0.3012814 -0.7091869 0.3752141 -0.4410894 -0.7299328 -0.3631166 0 0 0 0 0 0 0 0 0 0 0 0 0 0 0 0 
4694 0.09180445 1.118865 -8.291849 0.3055427 0.7841091 -7.98193 0.30554273724556 0.784109115600586 -7.98192977905273 0.02008134 0.9962505 -8.792835 0.02141496 0.6010983 -8.775578 0.169497 0.5192094 -8.778706 5.319194 9.43541 -120.692 -3.935455 13.49677 1.343931 8.907647 17.543 -5.083537 0 18.24931 -158.4667 0 0 0 0 -0.9530287 -0.9530293 -0.202179 -0.6910205 -0.3171313 -0.6172865 -0.174598 -0.611622 -0.3047524 -0.7089152 0.3742788 -0.4376078 -0.7351253 -0.3577799 0 0 0 0 0 0 0 0 0 0 0 0 0 0 0 0 
4725 0.0931991 1.123184 -8.28769 0.3089218 0.7957197 -7.971421 0.308921784162521 0.795719742774963 -7.9714207649231 0.02008134 0.9962505 -8.792835 0.02141496 0.6010983 -8.775578 0.169497 0.5192094 -8.778706 5.237371 9.094215 -119.9773 -3.80307 13.76029 1.004104 9.155058 17.33906 -5.123972 0 18.24931 -158.4667 0 0 0 0 -0.9530287 -0.9530293 -0.2063506 -0.6907179 -0.3222124 -0.6136025 -0.1767565 -0.6091049 -0.3104731 -0.7080645 0.3726881 -0.4361451 -0.7385309 -0.3541951 0 0 0 0 0 0 0 0 0 0 0 0 0 0 0 0 
4751 0.09365687 1.125353 -8.285583 0.3099396 0.8037633 -7.963716 0.309939563274384 0.803763270378113 -7.96371603012085 0.02008134 0.9962505 -8.792835 0.02141496 0.6010983 -8.775578 0.169497 0.5192094 -8.778706 5.154367 8.927956 -119.6165 -3.690674 14.17987 0.5153505 9.304836 17.58968 -5.599558 0 18.24931 -158.4667 0 0 0 0 -0.9530287 -0.9530293 -0.2087117 -0.6906135 -0.3245425 -0.6116906 -0.1813787 -0.6055169 -0.3199658 -0.7057434 0.3702188 -0.4336044 -0.7444134 -0.347527 0 0 0 0 0 0 0 0 0 0 0 0 0 0 0 0 
4794 0.0946014 1.131502 -8.279671 0.3116806 0.8159021 -7.952456 0.31168058514595 0.81590211391449 -7.95245552062988 0.02008134 0.9962505 -8.792835 0.02141496 0.6010983 -8.775578 0.169497 0.5192094 -8.778706 4.978673 8.609006 -118.5664 -3.744476 14.36118 0.6471438 9.07364 18.23155 -5.431345 0 18.24931 -158.4667 0 0 0 0 -0.9530287 -0.9530293 -0.2152193 -0.6893884 -0.331091 -0.607292 -0.1823271 -0.6047998 -0.3218412 -0.7052609 0.3696114 -0.4331073 -0.7457792 -0.3458611 0 0 0 0 0 0 0 0 0 0 0 0 0 0 0 0 
4833 0.09528957 1.134353 -8.277081 0.3136611 0.8235077 -7.946195 0.313661098480225 0.82350766658783 -7.94619464874268 0.02008134 0.9962505 -8.792835 0.02141496 0.6010983 -8.775578 0.169497 0.5192094 -8.778706 4.814657 8.323684 -118.1247 -3.634216 14.70448 0.4759322 9.630489 17.90663 -5.932383 0 18.24931 -158.4667 0 0 0 0 -0.9530287 -0.9530293 -0.2184108 -0.6897031 -0.3339268 -0.6042351 -0.1872954 -0.6016577 -0.3313395 -0.7022416 0.3656031 -0.4317714 -0.7532283 -0.3354935 0 0 0 0 0 0 0 0 0 0 0 0 0 0 0 0 
4864 0.09541775 1.135284 -8.276218 0.3145537 0.8292457 -7.941381 0.314553737640381 0.829245686531067 -7.94138050079346 0.02008134 0.9962505 -8.792835 0.02141496 0.6010983 -8.775578 0.169497 0.5192094 -8.778706 4.750969 8.240393 -117.9773 -3.441132 14.97287 -0.02270508 9.711438 17.90158 -6.077738 0 18.24931 -158.4667 0 0 0 0 -0.9530287 -0.9530293 -0.2195373 -0.6897722 -0.334786 -0.6032717 -0.1912699 -0.5995618 -0.3388082 -0.6993935 0.3636796 -0.4312589 -0.7567824 -0.3302034 0 0 0 0 0 0 0 0 0 0 0 0 0 0 0 0 
4890 0.09615245 1.139572 -8.272356 0.3162459 0.8389874 -7.933234 0.316245943307877 0.838987350463867 -7.93323421478271 0.02008134 0.9962505 -8.792835 0.02141496 0.6010983 -8.775578 0.169497 0.5192094 -8.778706 4.633052 8.022606 -117.268 -3.400665 15.11059 -0.09527588 9.848825 17.99547 -6.166087 0 18.24931 -158.4667 0 0 0 0 -0.9530287 -0.9530293 -0.2238619 -0.688879 -0.3392357 -0.6002095 -0.1920533 -0.5987634 -0.3406481 -0.6989689 0.3621134 -0.4298575 -0.7604211 -0.325357 0 0 0 0 0 0 0 0 0 0 0 0 0 0 0 0 
4931 0.0969894 1.142123 -8.27022 0.3182715 0.8471845 -7.926939 0.318271547555923 0.847184538841248 -7.92693901062012 0.02008134 0.9962505 -8.792835 0.02141496 0.6010983 -8.775578 0.169497 0.5192094 -8.778706 4.615213 7.870765 -116.863 -3.27951 15.34184 -0.4356384 9.91707 18.05689 -6.423838 0 18.24931 -158.4667 0 0 0 0 -0.9530287 -0.9530293 -0.2259822 -0.6883589 -0.3421301 -0.5983659 -0.1963958 -0.5959761 -0.3485473 -0.6962448 0.3595457 -0.4295744 -0.7641163 -0.319875 0 0 0 0 0 0 0 0 0 0 0 0 0 0 0 0 
4962 0.09728771 1.143307 -8.269216 0.3184173 0.8512708 -7.923366 0.318417280912399 0.851270794868469 -7.92336559295654 0.02008134 0.9962505 -8.792835 0.02141496 0.6010983 -8.775578 0.169497 0.5192094 -8.778706 4.555877 7.765425 -116.683 -3.28009 15.48926 -0.6889343 9.720737 18.38631 -6.435313 0 18.24931 -158.4667 0 0 0 0 -0.9530287 -0.9530293 -0.2272207 -0.6883988 -0.3432927 -0.5971838 -0.1991374 -0.5939968 -0.3532643 -0.6947784 0.3580948 -0.4292978 -0.7661577 -0.3169777 0 0 0 0 0 0 0 0 0 0 0 0 0 0 0 0 
4989 0.0983604 1.145638 -8.2674 0.3202994 0.8574885 -7.918818 0.320299446582794 0.857488512992859 -7.9188175201416 0.02008134 0.9962505 -8.792835 0.02141496 0.6010983 -8.775578 0.169497 0.5192094 -8.778706 4.727413 7.761559 -116.2899 -3.285736 15.71314 -0.7722778 9.823059 18.56116 -6.579112 0 18.24931 -158.4667 0 0 0 0 -0.9530287 -0.9530293 -0.2281714 -0.6868436 -0.3465393 -0.5967368 -0.1999855 -0.5925701 -0.355321 -0.6947043 0.3571356 -0.4280417 -0.7681947 -0.3148212 0 0 0 0 0 0 0 0 0 0 0 0 0 0 0 0 
5031 0.09964519 1.147599 -8.266003 0.3227523 0.8626344 -7.915553 0.322752296924591 0.862634420394897 -7.91555309295654 0.02008134 0.9962505 -8.792835 0.02141496 0.6010983 -8.775578 0.169497 0.5192094 -8.778706 4.803895 7.61174 -116.0034 -3.282074 15.83543 -0.8669739 9.853226 18.73118 -6.509013 0 18.24931 -158.4667 0 0 0 0 -0.9530287 -0.9530293 -0.2290543 -0.686429 -0.3491925 -0.5953274 -0.200576 -0.5900429 -0.3593515 -0.694612 0.3567396 -0.4258376 -0.7706931 -0.3121417 0 0 0 0 0 0 0 0 0 0 0 0 0 0 0 0 
5058 0.09930874 1.148293 -8.26529 0.321746 0.8637455 -7.914077 0.321745991706848 0.863745450973511 -7.91407680511475 0.02008134 0.9962505 -8.792835 0.02141496 0.6010983 -8.775578 0.169497 0.5192094 -8.778706 4.627148 7.506751 -115.9009 -3.328735 16.09335 -0.8263855 10.0569 18.71044 -6.711894 0 18.24931 -158.4667 0 0 0 0 -0.9530287 -0.9530293 -0.2306288 -0.6869599 -0.3492951 -0.5940455 -0.2001804 -0.5883223 -0.3619984 -0.6948109 0.3562361 -0.4236328 -0.7737707 -0.3080763 0 0 0 0 0 0 0 0 0 0 0 0 0 0 0 0 
5089 0.09975887 1.149754 -8.264127 0.3232032 0.8674468 -7.911747 0.323203206062317 0.867446780204773 -7.91174697875977 0.02008134 0.9962505 -8.792835 0.02141496 0.6010983 -8.775578 0.169497 0.5192094 -8.778706 4.494845 7.30427 -115.7022 -3.249298 16.24546 -0.8736572 10.08125 18.60309 -6.606791 0 18.24931 -158.4667 0 0 0 0 -0.9530287 -0.9530293 -0.2323363 -0.6874989 -0.3505594 -0.5920084 -0.2010889 -0.5880668 -0.3632942 -0.6940884 0.3550203 -0.4245029 -0.7742686 -0.3070295 0 0 0 0 0 0 0 0 0 0 0 0 0 0 0 0 
5119 0.1002174 1.150379 -8.263707 0.3237029 0.8699481 -7.909858 0.323702931404114 0.869948148727417 -7.90985774993896 0.02008134 0.9962505 -8.792835 0.02141496 0.6010983 -8.775578 0.169497 0.5192094 -8.778706 4.487246 7.215708 -115.6226 -3.258026 16.15607 -1.106689 9.925343 18.5816 -6.695109 0 18.24931 -158.4667 0 0 0 0 -0.9530287 -0.9530293 -0.2327231 -0.6876403 -0.3513242 -0.5912383 -0.204368 -0.5886009 -0.3658685 -0.6913202 0.353691 -0.4252966 -0.7750853 -0.3053998 0 0 0 0 0 0 0 0 0 0 0 0 0 0 0 0 
5151 0.1022781 1.151354 -8.263442 0.3278731 0.8730661 -7.909241 0.327873140573502 0.873066067695618 -7.90924072265625 0.02008134 0.9962505 -8.792835 0.02141496 0.6010983 -8.775578 0.169497 0.5192094 -8.778706 4.680862 7.021462 -115.5355 -3.243652 16.27137 -1.172211 10.0004 18.76944 -6.885996 0 18.24931 -158.4667 0 0 0 0 -0.9530287 -0.9530293 -0.2317732 -0.687737 -0.3535375 -0.5901786 -0.2045675 -0.5879703 -0.3672846 -0.6910469 0.353539 -0.4248573 -0.7759221 -0.3040597 0 0 0 0 0 0 0 0 0 0 0 0 0 0 0 0 
5178 0.1034431 1.151922 -8.263287 0.3286361 0.8741587 -7.908417 0.328636080026627 0.87415874004364 -7.90841674804688 0.02008134 0.9962505 -8.792835 0.02141496 0.6010983 -8.775578 0.169497 0.5192094 -8.778706 4.818794 6.940118 -115.4769 -3.439636 16.32163 -1.223633 9.930024 18.69605 -6.876414 0 18.24931 -158.4667 0 0 0 0 -0.9530287 -0.9530293 -0.2311229 -0.6875781 -0.3548813 -0.5898123 -0.2044658 -0.5874458 -0.3685165 -0.6908672 0.353751 -0.4241485 -0.7771217 -0.3017302 0 0 0 0 0 0 0 0 0 0 0 0 0 0 0 0 
5210 0.1035408 1.152402 -8.262897 0.3286353 0.8749015 -7.907761 0.328635334968567 0.874901533126831 -7.90776062011719 0.02008134 0.9962505 -8.792835 0.02141496 0.6010983 -8.775578 0.169497 0.5192094 -8.778706 4.628805 6.737941 -115.444 -3.468781 16.23842 -1.285278 9.937428 18.71534 -6.661967 0 18.24931 -158.4667 0 0 0 0 -0.9530287 -0.9530293 -0.2323369 -0.6887453 -0.3548638 -0.5879812 -0.2044365 -0.5875927 -0.3697925 -0.6900686 0.3536871 -0.4250728 -0.776935 -0.3009847 0 0 0 0 0 0 0 0 0 0 0 0 0 0 0 0 
5246 0.1041435 1.152557 -8.262939 0.3297561 0.8751438 -7.908062 0.329756081104279 0.875143766403198 -7.90806245803833 0.02008134 0.9962505 -8.792835 0.02141496 0.6010983 -8.775578 0.169497 0.5192094 -8.778706 4.710895 6.704599 -115.4355 -3.490601 16.33114 -1.231171 9.882129 18.76818 -6.828043 0 18.24931 -158.4667 0 0 0 0 -0.9530287 -0.9530293 -0.231826 -0.6886698 -0.3554495 -0.5879174 -0.205131 -0.5885641 -0.3697266 -0.6890693 0.3531254 -0.4268762 -0.7762743 -0.3007963 0 0 0 0 0 0 0 0 0 0 0 0 0 0 0 0 
5276 0.1068 1.152655 -8.263648 0.3347289 0.8757322 -7.90987 0.334728926420212 0.875732183456421 -7.90987014770508 0.02008134 0.9962505 -8.792835 0.02141496 0.6010983 -8.775578 0.169497 0.5192094 -8.778706 4.994819 6.471478 -115.5221 -3.548676 16.20839 -1.275757 9.849725 18.66227 -6.703959 0 18.24931 -158.4667 0 0 0 0 -0.9530287 -0.9530293 -0.2293586 -0.6892548 -0.3572029 -0.5871364 -0.2055373 -0.5889874 -0.3699487 -0.6884671 0.3531679 -0.4269635 -0.7764168 -0.3002538 0 0 0 0 0 0 0 0 0 0 0 0 0 0 0 0 
5311 0.1072387 1.1521 -8.264264 0.333831 0.8742937 -7.910321 0.333830952644348 0.874293684959412 -7.91032123565674 0.02008134 0.9962505 -8.792835 0.02141496 0.6010983 -8.775578 0.169497 0.5192094 -8.778706 4.98521 6.367985 -115.6512 -3.762756 16.16166 -1.402374 9.699761 18.50135 -6.786265 0 18.24931 -158.4667 0 0 0 0 -0.9530287 -0.9530293 -0.2286698 -0.6901059 -0.3567537 -0.5866783 -0.2049035 -0.5892552 -0.3706627 -0.6880426 0.3535557 -0.4272834 -0.7764493 -0.2992569 0 0 0 0 0 0 0 0 0 0 0 0 0 0 0 0 
5342 0.1071998 1.151584 -8.264703 0.3341315 0.8726459 -7.91187 0.33413153886795 0.872645854949951 -7.91187047958374 0.02008134 0.9962505 -8.792835 0.02141496 0.6010983 -8.775578 0.169497 0.5192094 -8.778706 4.947596 6.330136 -115.7493 -3.737396 16.05405 -1.336823 9.73773 18.66998 -6.513377 0 18.24931 -158.4667 0 0 0 0 -0.9530287 -0.9530293 -0.2283773 -0.6906524 -0.3561118 -0.5865391 -0.2041602 -0.5910676 -0.3698195 -0.6871622 0.3545441 -0.4297957 -0.7743722 -0.2998713 0 0 0 0 0 0 0 0 0 0 0 0 0 0 0 0 
5372 0.1076889 1.150608 -8.265711 0.3352729 0.8709637 -7.913857 0.335272908210754 0.8709636926651 -7.91385746002197 0.02008134 0.9962505 -8.792835 0.02141496 0.6010983 -8.775578 0.169497 0.5192094 -8.778706 5.001075 6.273277 -115.9423 -3.712524 16.11873 -1.362579 9.731861 18.62593 -6.606242 0 18.24931 -158.4667 0 0 0 0 -0.9530287 -0.9530293 -0.2269961 -0.6913658 -0.3554212 -0.5866537 -0.2037766 -0.5912238 -0.3695191 -0.6873033 0.3551163 -0.4301755 -0.7736472 -0.3005202 0 0 0 0 0 0 0 0 0 0 0 0 0 0 0 0 
5399 0.1080902 1.150155 -8.266236 0.3360038 0.8698605 -7.915112 0.33600378036499 0.869860529899597 -7.91511249542236 0.02008134 0.9962505 -8.792835 0.02141496 0.6010983 -8.775578 0.169497 0.5192094 -8.778706 5.054626 6.241577 -116.0365 -3.730682 16.08397 -1.346649 9.620934 18.57358 -6.469035 0 18.24931 -158.4667 0 0 0 0 -0.9530287 -0.9530293 -0.2261418 -0.6916683 -0.3552353 -0.5867397 -0.2026517 -0.5921893 -0.368407 -0.6874016 0.3558006 -0.4307559 -0.7727348 -0.3012263 0 0 0 0 0 0 0 0 0 0 0 0 0 0 0 0 
5431 0.108702 1.149038 -8.267418 0.3371841 0.8675646 -7.917611 0.337184071540833 0.867564558982849 -7.91761064529419 0.02008134 0.9962505 -8.792835 0.02141496 0.6010983 -8.775578 0.169497 0.5192094 -8.778706 5.154737 6.205634 -116.2525 -3.741455 16.07351 -1.34729 9.614457 18.55574 -6.42451 0 18.24931 -158.4667 0 0 0 0 -0.9530287 -0.9530293 -0.2243594 -0.6922609 -0.3545617 -0.5871324 -0.2019397 -0.5925483 -0.3680283 -0.6875048 0.3565478 -0.431001 -0.7721338 -0.3015327 0 0 0 0 0 0 0 0 0 0 0 0 0 0 0 0 
5463 0.1093338 1.148707 -8.267911 0.3382377 0.8664045 -7.919049 0.338237673044205 0.86640453338623 -7.91904926300049 0.02008134 0.9962505 -8.792835 0.02141496 0.6010983 -8.775578 0.169497 0.5192094 -8.778706 5.260862 6.184319 -116.3279 -3.788391 15.95039 -1.300446 9.481966 18.46496 -6.26124 0 18.24931 -158.4667 0 0 0 0 -0.9530287 -0.9530293 -0.2232698 -0.6923441 -0.3547137 -0.5873577 -0.2006847 -0.5939358 -0.3664218 -0.687533 0.3572018 -0.4320908 -0.7708369 -0.3025157 0 0 0 0 0 0 0 0 0 0 0 0 0 0 0 0 
5493 0.1095001 1.148609 -8.268052 0.3376922 0.8646387 -7.920079 0.33769217133522 0.864638686180115 -7.92007875442505 0.02008134 0.9962505 -8.792835 0.02141496 0.6010983 -8.775578 0.169497 0.5192094 -8.778706 5.286745 6.176505 -116.3501 -3.9422 15.84939 -1.15567 9.304256 18.49807 -6.219248 0 18.24931 -158.4667 0 0 0 0 -0.9530287 -0.9530293 -0.222982 -0.6923873 -0.3547368 -0.5874023 -0.1998798 -0.5948238 -0.3646073 -0.6879643 0.3576952 -0.4329796 -0.769456 -0.304173 0 0 0 0 0 0 0 0 0 0 0 0 0 0 0 0 
5522 0.1095855 1.148425 -8.268243 0.3376418 0.8638521 -7.920673 0.337641835212708 0.863852143287659 -7.92067337036133 0.02008134 0.9962505 -8.792835 0.02141496 0.6010983 -8.775578 0.169497 0.5192094 -8.778706 5.242063 6.110617 -116.3994 -3.981049 15.8476 -1.132904 9.446439 18.39079 -6.280375 0 18.24931 -158.4667 0 0 0 0 -0.9530287 -0.9530293 -0.222963 -0.6929134 -0.3544515 -0.5869613 -0.1996672 -0.5948902 -0.3642342 -0.6881662 0.3578554 -0.4329698 -0.7692361 -0.3045546 0 0 0 0 0 0 0 0 0 0 0 0 0 0 0 0 
5552 0.1101181 1.148512 -8.268334 0.3385246 0.8639665 -7.920972 0.338524550199509 0.863966464996338 -7.92097234725952 0.02008134 0.9962505 -8.792835 0.02141496 0.6010983 -8.775578 0.169497 0.5192094 -8.778706 5.255903 6.020429 -116.4154 -4.011169 15.93056 -1.117035 9.382434 18.37389 -6.288188 0 18.24931 -158.4667 0 0 0 0 -0.9530287 -0.9530293 -0.2227161 -0.6933056 -0.3547466 -0.5864131 -0.1994782 -0.5949938 -0.3638077 -0.688357 0.3577023 -0.4337121 -0.7685969 -0.3052913 0 0 0 0 0 0 0 0 0 0 0 0 0 0 0 0 
5583 0.1104911 1.148553 -8.268417 0.3389373 0.8640674 -7.921031 0.338937282562256 0.864067435264587 -7.92103099822998 0.02008134 0.9962505 -8.792835 0.02141496 0.6010983 -8.775578 0.169497 0.5192094 -8.778706 5.306904 5.999474 -116.4203 -4.052429 15.84552 -1.152863 9.363029 18.27542 -6.224589 0 18.24931 -158.4667 0 0 0 0 -0.9530287 -0.9530293 -0.2223437 -0.6932934 -0.3550469 -0.5863872 -0.1999332 -0.5957775 -0.3639181 -0.6874883 0.357572 -0.4341582 -0.7686415 -0.3046966 0 0 0 0 0 0 0 0 0 0 0 0 0 0 0 0 
