Time(ms) RK.x RK.y RK.z RA.x RA.y RA.z RT.x RT.y RT.z LK.x LK.y LK.z LA.x LA.y LA.z LT.x LT.y LT.z RHAngle.x RHAngle.y RHAngle.z RKAngle.x RKAngle.y RKAngle.z RAAngle.x RAAngle.y RAAngle.z LHAngle.x LHAngle.y LHAngle.z LKAngle.x LKAngle.y LKAngle.z LAAngle.x LAAngle.y LAAngle.z RHQuat.w RHQuat.x RHQuat.y RHQuat.z RKQuat.w RKQuat.x RKQuat.y RKQuat.z RAQuat.w RAQuat.x RAQuat.y RAQuat.z LHQuat.w LHQuat.x LHQuat.y LHQuat.z LKQuat.w LKQuat.x LKQuat.y LKQuat.z LAQuat.w LAQuat.x LAQuat.y LAQuat.z HQuat.w HQuat.x HQuat.y HQuat.z 
43 0.02913054 0.997709 -8.545449 -0.1584504 0.5304078 -8.560866 -0.158450350165367 0.530407786369324 -8.560866355896 0.02008134 0.9962505 -8.792835 0.02141496 0.6010983 -8.775578 0.169497 0.5192094 -8.778706 1.346012 20.09673 -155.7807 -42.74872 1.219547 3.751038 -26.86631 17.07551 -21.22077 0 18.24931 -158.4667 0 0 0 0 -0.9530287 -0.9530293 -0.01508136 -0.6970306 -0.04770695 -0.715294 -0.2420839 -0.629149 0.2395317 -0.6987076 -0.03204298 -0.5451565 -0.2096961 -0.8110524 0 0 0 0 0 0 0 0 0 0 0 0 0 0 0 0 
164 0.02913054 0.9977092 -8.545449 -0.1585526 0.5304302 -8.560273 -0.158552587032318 0.530430197715759 -8.56027317047119 0.02008134 0.9962505 -8.792835 0.02141496 0.6010983 -8.775578 0.169497 0.5192094 -8.778706 1.340027 20.03182 -155.8 -42.74872 1.21955 3.70687 -26.8914 17.02987 -21.18904 0 18.24931 -158.4667 0 0 0 0 -0.9530287 -0.9530293 -0.01510718 -0.697419 -0.04769873 -0.7149153 -0.2423533 -0.6292413 0.2392892 -0.6986142 -0.03215834 -0.5456029 -0.2096783 -0.8107523 0 0 0 0 0 0 0 0 0 0 0 0 0 0 0 0 
224 0.02913054 0.9977092 -8.545449 -0.1586777 0.5304468 -8.559171 -0.158677712082863 0.530446767807007 -8.55917072296143 0.02008134 0.9962505 -8.792835 0.02141496 0.6010983 -8.775578 0.169497 0.5192094 -8.778706 1.333431 19.96013 -155.8214 -42.74875 1.281799 3.57727 -26.86537 17.04542 -21.22761 0 18.24931 -158.4667 0 0 0 0 -0.9530287 -0.9530293 -0.01513577 -0.6978477 -0.04768969 -0.7144968 -0.2431431 -0.6295115 0.2385775 -0.6983398 -0.03232604 -0.5460376 -0.2102084 -0.8103155 0 0 0 0 0 0 0 0 0 0 0 0 0 0 0 0 
264 0.02913054 0.9977092 -8.545449 -0.1587097 0.5304478 -8.558761 -0.15870974957943 0.530447840690613 -8.55876064300537 0.02008134 0.9962505 -8.792835 0.02141496 0.6010983 -8.775578 0.169497 0.5192094 -8.778706 1.330301 19.9262 -155.8315 -42.74704 1.312094 3.529039 -26.90891 17.08691 -21.18052 0 18.24931 -158.4667 0 0 0 0 -0.9530287 -0.9530293 -0.01514934 -0.6980507 -0.04768541 -0.7142986 -0.2435373 -0.6298384 0.2382292 -0.6980264 -0.03248148 -0.5466372 -0.2101847 -0.8099111 0 0 0 0 0 0 0 0 0 0 0 0 0 0 0 0 
298 0.02913054 0.9977092 -8.545449 -0.1587128 0.5304462 -8.558671 -0.158712804317474 0.530446171760559 -8.55867099761963 0.02008134 0.9962505 -8.792835 0.02141496 0.6010983 -8.775578 0.169497 0.5192094 -8.778706 1.32901 19.91222 -155.8356 -42.74609 1.324458 3.518926 -26.93302 17.08421 -21.15519 0 18.24931 -158.4667 0 0 0 0 -0.9530287 -0.9530293 -0.01515492 -0.6981342 -0.04768361 -0.7142169 -0.2436514 -0.6299783 0.2381298 -0.6978941 -0.03257122 -0.5469825 -0.2101706 -0.8096781 0 0 0 0 0 0 0 0 0 0 0 0 0 0 0 0 
330 0.02913054 0.9977092 -8.545449 -0.1587273 0.5304478 -8.558525 -0.158727303147316 0.530447840690613 -8.55852508544922 0.02008134 0.9962505 -8.792835 0.02141496 0.6010983 -8.775578 0.169497 0.5192094 -8.778706 1.32901 19.91222 -155.8356 -42.74466 1.306385 3.509261 -26.95042 17.0498 -21.13487 0 18.24931 -158.4667 0 0 0 0 -0.9530287 -0.9530293 -0.01515492 -0.6981342 -0.04768361 -0.7142169 -0.2437922 -0.6301838 0.2380085 -0.6977008 -0.03265023 -0.5472876 -0.2101585 -0.8094718 0 0 0 0 0 0 0 0 0 0 0 0 0 0 0 0 
364 0.02913054 0.9977092 -8.545449 -0.1587403 0.5304509 -8.558434 -0.158740267157555 0.530450940132141 -8.55843448638916 0.02008134 0.9962505 -8.792835 0.02141496 0.6010983 -8.775578 0.169497 0.5192094 -8.778706 1.32901 19.91222 -155.8356 -42.74377 1.286756 3.507104 -26.95036 17.0786 -21.14753 0 18.24931 -158.4667 0 0 0 0 -0.9530287 -0.9530293 -0.01515492 -0.6981342 -0.04768361 -0.7142169 -0.2438565 -0.6303039 0.2379541 -0.6975884 -0.03265023 -0.5472876 -0.2101585 -0.8094718 0 0 0 0 0 0 0 0 0 0 0 0 0 0 0 0 
399 0.02913054 0.9977092 -8.545449 -0.1587403 0.5304509 -8.558434 -0.158740267157555 0.530450940132141 -8.55843448638916 0.02008134 0.9962505 -8.792835 0.02141496 0.6010983 -8.775578 0.169497 0.5192094 -8.778706 1.32901 19.91222 -155.8356 -42.74377 1.286756 3.507104 -26.93708 17.11406 -21.16737 0 18.24931 -158.4667 0 0 0 0 -0.9530287 -0.9530293 -0.01515492 -0.6981342 -0.04768361 -0.7142169 -0.2438565 -0.6303039 0.2379541 -0.6975884 -0.03259061 -0.5471882 -0.2102121 -0.8095273 0 0 0 0 0 0 0 0 0 0 0 0 0 0 0 0 
433 0.02913054 0.9977092 -8.545449 -0.1587189 0.5304444 -8.558517 -0.158718898892403 0.530444383621216 -8.55851745605469 0.02008134 0.9962505 -8.792835 0.02141496 0.6010983 -8.775578 0.169497 0.5192094 -8.778706 1.331182 19.93584 -155.8286 -42.74377 1.286756 3.507104 -26.91285 17.11998 -21.17005 0 18.24931 -158.4667 0 0 0 0 -0.9530287 -0.9530293 -0.01514553 -0.697993 -0.04768658 -0.7143548 -0.2438565 -0.6303039 0.2379541 -0.6975884 -0.03246674 -0.5470977 -0.210362 -0.8095546 0 0 0 0 0 0 0 0 0 0 0 0 0 0 0 0 
465 0.02913054 0.997709 -8.545449 -0.1587059 0.5304404 -8.558567 -0.158705934882164 0.530440449714661 -8.55856704711914 0.02008134 0.9962505 -8.792835 0.02141496 0.6010983 -8.775578 0.169497 0.5192094 -8.778706 1.334665 19.97359 -155.8174 -42.74377 1.264125 3.5071 -26.91593 17.09555 -21.15367 0 18.24931 -158.4667 0 0 0 0 -0.9530287 -0.9530293 -0.01513043 -0.6977674 -0.04769136 -0.7145754 -0.2438565 -0.6303039 0.2379541 -0.6975884 -0.03246674 -0.5470977 -0.210362 -0.8095546 0 0 0 0 0 0 0 0 0 0 0 0 0 0 0 0 
520 0.02913054 0.9977092 -8.545449 -0.158709 0.5304416 -8.558557 -0.158708989620209 0.530441641807556 -8.55855655670166 0.02008134 0.9962505 -8.792835 0.02141496 0.6010983 -8.775578 0.169497 0.5192094 -8.778706 1.33787 20.00869 -155.8069 -42.7438 1.227922 3.507102 -26.91776 17.08091 -21.14384 0 18.24931 -158.4667 0 0 0 0 -0.9530287 -0.9530293 -0.01511646 -0.6975575 -0.04769569 -0.7147803 -0.2438565 -0.6303039 0.2379541 -0.6975884 -0.03246674 -0.5470977 -0.210362 -0.8095546 0 0 0 0 0 0 0 0 0 0 0 0 0 0 0 0 
555 0.02913054 0.9977088 -8.545449 -0.1586838 0.5304328 -8.55862 -0.158683806657791 0.530432820320129 -8.55862045288086 0.02008134 0.9962505 -8.792835 0.02141496 0.6010983 -8.775578 0.169497 0.5192094 -8.778706 1.341967 20.05272 -155.7938 -42.7467 1.260255 3.481843 -26.90376 17.12313 -21.16352 0 18.24931 -158.4667 0 0 0 0 -0.9530287 -0.9530293 -0.01509881 -0.6972939 -0.04770128 -0.7150373 -0.2438382 -0.6299677 0.2379581 -0.6978971 -0.03239744 -0.5468309 -0.2103726 -0.8097349 0 0 0 0 0 0 0 0 0 0 0 0 0 0 0 0 
588 0.02913054 0.9977088 -8.545449 -0.1587136 0.5304416 -8.558509 -0.158713564276695 0.530441641807556 -8.55850887298584 0.02008134 0.9962505 -8.792835 0.02141496 0.6010983 -8.775578 0.169497 0.5192094 -8.778706 1.341967 20.05272 -155.7938 -42.74826 1.251752 3.471993 -26.89457 17.12215 -21.13154 0 18.24931 -158.4667 0 0 0 0 -0.9530287 -0.9530293 -0.01509881 -0.6972939 -0.04770128 -0.7150373 -0.2438103 -0.6297894 0.2379771 -0.6980612 -0.03229965 -0.5464546 -0.2103877 -0.8099889 0 0 0 0 0 0 0 0 0 0 0 0 0 0 0 0 
623 0.02913054 0.9977088 -8.545449 -0.1587136 0.5304416 -8.558509 -0.158713564276695 0.530441641807556 -8.55850887298584 0.02008134 0.9962505 -8.792835 0.02141496 0.6010983 -8.775578 0.169497 0.5192094 -8.778706 1.341967 20.05272 -155.7938 -42.74826 1.251752 3.471993 -26.89295 17.14058 -21.1363 0 18.24931 -158.4667 0 0 0 0 -0.9530287 -0.9530293 -0.01509881 -0.6972939 -0.04770128 -0.7150373 -0.2438103 -0.6297894 0.2379771 -0.6980612 -0.03229965 -0.5464546 -0.2103877 -0.8099889 0 0 0 0 0 0 0 0 0 0 0 0 0 0 0 0 
651 0.02913054 0.9977088 -8.545449 -0.1587136 0.5304416 -8.558509 -0.158713564276695 0.530441641807556 -8.55850887298584 0.02008134 0.9962505 -8.792835 0.02141496 0.6010983 -8.775578 0.169497 0.5192094 -8.778706 1.341967 20.05272 -155.7938 -42.74826 1.251752 3.471993 -26.89536 17.13354 -21.11115 0 18.24931 -158.4667 0 0 0 0 -0.9530287 -0.9530293 -0.01509881 -0.6972939 -0.04770128 -0.7150373 -0.2438103 -0.6297894 0.2379771 -0.6980612 -0.0321565 -0.5465423 -0.2102812 -0.8099631 0 0 0 0 0 0 0 0 0 0 0 0 0 0 0 0 
683 0.02913054 0.9977088 -8.545449 -0.1587136 0.5304416 -8.558509 -0.158713564276695 0.530441641807556 -8.55850887298584 0.02008134 0.9962505 -8.792835 0.02141496 0.6010983 -8.775578 0.169497 0.5192094 -8.778706 1.341967 20.05272 -155.7938 -42.74826 1.251752 3.471993 -26.90061 17.11831 -21.08265 0 18.24931 -158.4667 0 0 0 0 -0.9530287 -0.9530293 -0.01509881 -0.6972939 -0.04770128 -0.7150373 -0.2438103 -0.6297894 0.2379771 -0.6980612 -0.03203073 -0.546685 -0.2101739 -0.8098996 0 0 0 0 0 0 0 0 0 0 0 0 0 0 0 0 
717 0.02913054 0.9977088 -8.545449 -0.1587136 0.5304416 -8.558509 -0.158713564276695 0.530441641807556 -8.55850887298584 0.02008134 0.9962505 -8.792835 0.02141496 0.6010983 -8.775578 0.169497 0.5192094 -8.778706 1.341967 20.05272 -155.7938 -42.74826 1.251752 3.471993 -26.89616 17.10876 -21.0637 0 18.24931 -158.4667 0 0 0 0 -0.9530287 -0.9530293 -0.01509881 -0.6972939 -0.04770128 -0.7150373 -0.2438103 -0.6297894 0.2379771 -0.6980612 -0.03190429 -0.5467587 -0.2101535 -0.8098602 0 0 0 0 0 0 0 0 0 0 0 0 0 0 0 0 
748 0.02907638 0.9977064 -8.54545 -0.158825 0.5304626 -8.558514 -0.158824950456619 0.530462622642517 -8.55851364135742 0.02008134 0.9962505 -8.792835 0.02141496 0.6010983 -8.775578 0.169497 0.5192094 -8.778706 1.334904 20.05346 -155.7936 -42.74826 1.251752 3.471993 -26.87803 17.09287 -21.0565 0 18.24931 -158.4667 0 0 0 0 -0.9530287 -0.9530293 -0.01514199 -0.6972929 -0.04765705 -0.7150403 -0.2438103 -0.6297894 0.2379771 -0.6980612 -0.03181173 -0.5468122 -0.210307 -0.8097879 0 0 0 0 0 0 0 0 0 0 0 0 0 0 0 0 
777 0.02891845 0.9976993 -8.545455 -0.1592957 0.5305938 -8.558957 -0.159295693039894 0.530593752861023 -8.55895709991455 0.02008134 0.9962505 -8.792835 0.02141496 0.6010983 -8.775578 0.169497 0.5192094 -8.778706 1.314188 20.05553 -155.7929 -42.76849 1.205349 3.542336 -26.83317 17.06203 -21.0316 0 18.24931 -158.4667 0 0 0 0 -0.9530287 -0.9530293 -0.01526865 -0.6972902 -0.04752729 -0.7150488 -0.2436687 -0.6298428 0.2384373 -0.6979055 -0.03155476 -0.5469227 -0.2105825 -0.8096516 0 0 0 0 0 0 0 0 0 0 0 0 0 0 0 0 
809 0.02860106 0.9976845 -8.545463 -0.1599663 0.5307587 -8.56019 -0.159966304898262 0.530758738517761 -8.56019020080566 0.02008134 0.9962505 -8.792835 0.02141496 0.6010983 -8.775578 0.169497 0.5192094 -8.778706 1.271978 20.05285 -155.7937 -42.77393 1.035491 3.763625 -26.74751 16.95837 -21.01991 0 18.24931 -158.4667 0 0 0 0 -0.9530287 -0.9530293 -0.01552556 -0.6973259 -0.0472657 -0.7150259 -0.2429577 -0.6302958 0.2394858 -0.6973851 -0.03138648 -0.5473508 -0.2109744 -0.8092667 0 0 0 0 0 0 0 0 0 0 0 0 0 0 0 0 
842 0.0284088 0.9976801 -8.545417 -0.1601555 0.5307618 -8.56043 -0.160155519843102 0.53076183795929 -8.56042957305908 0.02008134 0.9962505 -8.792835 0.02141496 0.6010983 -8.775578 0.169497 0.5192094 -8.778706 1.248093 20.06817 -155.7825 -42.74707 0.9459174 3.838613 -26.61576 16.91536 -21.1229 0 18.24931 -158.4667 0 0 0 0 -0.9530287 -0.9530293 -0.01571519 -0.6972435 -0.04715069 -0.7151097 -0.2428654 -0.630655 0.2398015 -0.6969841 -0.0310452 -0.5474136 -0.2111866 -0.809182 0 0 0 0 0 0 0 0 0 0 0 0 0 0 0 0 
874 0.0284233 0.9977001 -8.5452 -0.1601967 0.5308045 -8.560213 -0.160196721553802 0.530804514884949 -8.56021308898926 0.02008134 0.9962505 -8.792835 0.02141496 0.6010983 -8.775578 0.169497 0.5192094 -8.778706 1.249027 20.04857 -155.7599 -42.7554 0.914331 3.887199 -26.59983 16.88789 -21.09211 0 18.24931 -158.4667 0 0 0 0 -0.9530287 -0.9530293 -0.01588377 -0.6973476 -0.04733849 -0.714992 -0.2428531 -0.6305631 0.2401896 -0.6969377 -0.03054794 -0.5477883 -0.2109457 -0.8090104 0 0 0 0 0 0 0 0 0 0 0 0 0 0 0 0 
904 0.02808532 0.9977139 -8.544888 -0.1611397 0.5310549 -8.559656 -0.161139711737633 0.531054854393005 -8.55965614318848 0.02008134 0.9962505 -8.792835 0.02141496 0.6010983 -8.775578 0.169497 0.5192094 -8.778706 1.19182 19.90273 -155.7616 -42.77512 0.905007 3.960877 -26.60722 16.85566 -21.04423 0 18.24931 -158.4667 0 0 0 0 -0.9530287 -0.9530293 -0.01647 -0.6982222 -0.0473034 -0.7141272 -0.2427381 -0.6304569 0.240477 -0.6969748 -0.03033094 -0.5481921 -0.2107291 -0.8088013 0 0 0 0 0 0 0 0 0 0 0 0 0 0 0 0 
934 0.02817305 0.9977492 -8.544544 -0.1605385 0.5309021 -8.559913 -0.160538509488106 0.530902147293091 -8.55991268157959 0.02008134 0.9962505 -8.792835 0.02141496 0.6010983 -8.775578 0.169497 0.5192094 -8.778706 1.199587 19.8496 -155.7323 -42.74243 1.031407 4.046273 -26.51527 16.98294 -21.09709 0 18.24931 -158.4667 0 0 0 0 -0.9530287 -0.9530293 -0.01669543 -0.6985149 -0.04765083 -0.7138124 -0.2425664 -0.6302479 0.2407266 -0.6971375 -0.03010802 -0.5480518 -0.2106817 -0.8089171 0 0 0 0 0 0 0 0 0 0 0 0 0 0 0 0 
968 0.02853392 0.9977911 -8.544258 -0.1599831 0.5308994 -8.560636 -0.159983098506927 0.530899405479431 -8.56063556671143 0.02008134 0.9962505 -8.792835 0.02141496 0.6010983 -8.775578 0.169497 0.5192094 -8.778706 1.246956 19.83672 -155.6994 -42.77826 0.9704988 4.232785 -26.50193 16.84295 -20.99973 0 18.24931 -158.4667 0 0 0 0 -0.9530287 -0.9530293 -0.01663319 -0.6985537 -0.04817528 -0.7137408 -0.2421297 -0.6303255 0.241419 -0.6969795 -0.02951307 -0.5479087 -0.2109873 -0.8089563 0 0 0 0 0 0 0 0 0 0 0 0 0 0 0 0 
1000 0.02882155 0.997835 -8.543923 -0.1597924 0.5309761 -8.560117 -0.159792363643646 0.530976057052612 -8.5601167678833 0.02008134 0.9962505 -8.792835 0.02141496 0.6010983 -8.775578 0.169497 0.5192094 -8.778706 1.284906 19.82522 -155.6594 -42.83224 1.002231 4.239868 -26.45204 16.73609 -20.99986 0 18.24931 -158.4667 0 0 0 0 -0.9530287 -0.9530293 -0.01666957 -0.6985858 -0.04868067 -0.7136741 -0.242247 -0.6300696 0.2413249 -0.6972029 -0.02904303 -0.5479643 -0.2111354 -0.8088971 0 0 0 0 0 0 0 0 0 0 0 0 0 0 0 0 
1027 0.02922744 0.9978622 -8.543825 -0.159327 0.5309911 -8.560345 -0.15932697057724 0.530991077423096 -8.56034469604492 0.02008134 0.9962505 -8.792835 0.02141496 0.6010983 -8.775578 0.169497 0.5192094 -8.778706 1.33704 19.80544 -155.6535 -42.88605 1.039236 4.279083 -26.47676 16.66126 -20.87779 0 18.24931 -158.4667 0 0 0 0 -0.9530287 -0.9530293 -0.0164212 -0.6986735 -0.04908541 -0.7135662 -0.2422415 -0.6296729 0.2414335 -0.6975253 -0.02886563 -0.5484189 -0.2108797 -0.8086619 0 0 0 0 0 0 0 0 0 0 0 0 0 0 0 0 
1058 0.02948073 0.9978698 -8.54387 -0.1594963 0.5311675 -8.560337 -0.159496337175369 0.531167507171631 -8.56033706665039 0.02008134 0.9962505 -8.792835 0.02141496 0.6010983 -8.775578 0.169497 0.5192094 -8.778706 1.364933 19.74755 -155.6771 -42.96918 1.083663 4.265788 -26.48548 16.61134 -20.8307 0 18.24931 -158.4667 0 0 0 0 -0.9530287 -0.9530293 -0.0162015 -0.6990062 -0.0492458 -0.7132344 -0.242458 -0.6294219 0.2415281 -0.6976439 -0.02869114 -0.5484329 -0.2106764 -0.8087116 0 0 0 0 0 0 0 0 0 0 0 0 0 0 0 0 
1089 0.02953872 0.9978696 -8.543899 -0.1599175 0.5313638 -8.560419 -0.159917488694191 0.531363844871521 -8.5604190826416 0.02008134 0.9962505 -8.792835 0.02141496 0.6010983 -8.775578 0.169497 0.5192094 -8.778706 1.369444 19.71529 -155.6906 -43.03781 1.138945 4.25281 -26.43949 16.62805 -20.80726 0 18.24931 -158.4667 0 0 0 0 -0.9530287 -0.9530293 -0.0161443 -0.699197 -0.04926447 -0.7130474 -0.2426893 -0.6293579 0.2417133 -0.697557 -0.02858492 -0.5484647 -0.2105689 -0.8087218 0 0 0 0 0 0 0 0 0 0 0 0 0 0 0 0 
1120 0.0297882 0.9978814 -8.543897 -0.1599358 0.5314907 -8.560601 -0.159935787320137 0.531490683555603 -8.56060123443604 0.02008134 0.9962505 -8.792835 0.02141496 0.6010983 -8.775578 0.169497 0.5192094 -8.778706 1.400015 19.69054 -155.6983 -43.10324 1.127301 4.285534 -26.39665 16.5612 -20.71998 0 18.24931 -158.4667 0 0 0 0 -0.9530287 -0.9530293 -0.01595109 -0.6993294 -0.04946319 -0.7129082 -0.2429161 -0.6293914 0.2421806 -0.6972858 -0.02843157 -0.5488275 -0.21044 -0.8085145 0 0 0 0 0 0 0 0 0 0 0 0 0 0 0 0 
1146 0.03055571 0.9979268 -8.543799 -0.1596894 0.5317396 -8.560246 -0.159689366817474 0.531739592552185 -8.56024646759033 0.02008134 0.9962505 -8.792835 0.02141496 0.6010983 -8.775578 0.169497 0.5192094 -8.778706 1.491539 19.58126 -155.7195 -43.26001 1.145024 4.293344 -26.34385 16.54065 -20.73637 0 18.24931 -158.4667 0 0 0 0 -0.9530287 -0.9530293 -0.01544372 -0.6999285 -0.05014876 -0.7122831 -0.2435699 -0.6290744 0.2429568 -0.6970737 -0.02843241 -0.5489067 -0.2106216 -0.8084134 0 0 0 0 0 0 0 0 0 0 0 0 0 0 0 0 
1177 0.03097304 0.9979523 -8.543748 -0.1613663 0.5326402 -8.56062 -0.161366298794746 0.532640218734741 -8.56062030792236 0.02008134 0.9962505 -8.792835 0.02141496 0.6010983 -8.775578 0.169497 0.5192094 -8.778706 1.541128 19.52047 -155.7314 -43.57916 1.203529 4.326722 -26.13346 16.84105 -20.85697 0 18.24931 -158.4667 0 0 0 0 -0.9530287 -0.9530293 -0.01516778 -0.7002624 -0.05052001 -0.7119346 -0.2447509 -0.6286278 0.2443031 -0.6965922 -0.02759891 -0.5472286 -0.21111 -0.8094521 0 0 0 0 0 0 0 0 0 0 0 0 0 0 0 0 
1208 0.03292617 0.9980916 -8.543343 -0.1592987 0.532699 -8.559274 -0.159298732876778 0.53269898891449 -8.5592737197876 0.02008134 0.9962505 -8.792835 0.02141496 0.6010983 -8.775578 0.169497 0.5192094 -8.778706 1.784241 19.34957 -155.7311 -43.82275 1.44897 4.208842 -25.68751 17.14718 -20.91465 0 18.24931 -158.4667 0 0 0 0 -0.9530287 -0.9530293 -0.01396553 -0.7011353 -0.05241098 -0.7109627 -0.2459845 -0.6272744 0.2451117 -0.6970936 -0.02655597 -0.5446233 -0.2116288 -0.8111069 0 0 0 0 0 0 0 0 0 0 0 0 0 0 0 0 
1238 0.03334578 0.9981189 -8.543294 -0.1626336 0.5343465 -8.560665 -0.162633553147316 0.534346461296082 -8.56066513061523 0.02008134 0.9962505 -8.792835 0.02141496 0.6010983 -8.775578 0.169497 0.5192094 -8.778706 1.841114 19.36321 -155.7215 -44.40347 1.986929 4.087673 -25.51133 17.74457 -21.15687 0 18.24931 -158.4667 0 0 0 0 -0.9530287 -0.9530293 -0.01365405 -0.7010242 -0.05279141 -0.7110502 -0.2475696 -0.6243012 0.246884 -0.6985745 -0.02610575 -0.540362 -0.2124447 -0.8137541 0 0 0 0 0 0 0 0 0 0 0 0 0 0 0 0 
1265 0.03577193 0.9982508 -8.543383 -0.1592278 0.5340548 -8.560464 -0.159227788448334 0.534054756164551 -8.56046390533447 0.02008134 0.9962505 -8.792835 0.02141496 0.6010983 -8.775578 0.169497 0.5192094 -8.778706 2.14538 19.18712 -155.787 -44.59302 2.098149 4.051539 -24.88023 17.65106 -20.85655 0 18.24931 -158.4667 0 0 0 0 -0.9530287 -0.9530293 -0.01167172 -0.7019242 -0.05466379 -0.7100554 -0.2481682 -0.623277 0.2477162 -0.6989819 -0.02565658 -0.5371083 -0.2135649 -0.8156269 0 0 0 0 0 0 0 0 0 0 0 0 0 0 0 0 
1296 0.03668593 0.998324 -8.543199 -0.162529 0.5359569 -8.561222 -0.162529021501541 0.535956859588623 -8.56122207641602 0.02008134 0.9962505 -8.792835 0.02141496 0.6010983 -8.775578 0.169497 0.5192094 -8.778706 2.261471 19.13256 -155.7792 -45.2742 2.471303 3.975342 -24.74934 18.17715 -21.32139 0 18.24931 -158.4667 0 0 0 0 -0.9530287 -0.9530293 -0.01109635 -0.7021781 -0.05554909 -0.7097448 -0.2497838 -0.621228 0.2500821 -0.699388 -0.02575003 -0.5333527 -0.2151157 -0.8176784 0 0 0 0 0 0 0 0 0 0 0 0 0 0 0 0 
1327 0.04001616 0.9986269 -8.542356 -0.157341 0.5354303 -8.559485 -0.157341033220291 0.535430312156677 -8.55948543548584 0.02008134 0.9962505 -8.792835 0.02141496 0.6010983 -8.775578 0.169497 0.5192094 -8.778706 2.69113 18.99865 -155.708 -45.48199 2.556607 3.974232 -24.25434 17.97015 -20.97672 0 18.24931 -158.4667 0 0 0 0 -0.9530287 -0.9530293 -0.009113706 -0.7026961 -0.05893185 -0.708987 -0.2502333 -0.6207033 0.2505775 -0.6995157 -0.02598463 -0.532562 -0.215313 -0.8181343 0 0 0 0 0 0 0 0 0 0 0 0 0 0 0 0 
1358 0.04082946 0.998705 -8.54215 -0.1622589 0.5380492 -8.560746 -0.162258937954903 0.538049221038818 -8.56074619293213 0.02008134 0.9962505 -8.792835 0.02141496 0.6010983 -8.775578 0.169497 0.5192094 -8.778706 2.793866 18.94369 -155.6965 -46.33606 2.76976 4.016764 -24.23603 18.31112 -21.24928 0 18.24931 -158.4667 0 0 0 0 -0.9530287 -0.9530293 -0.008641405 -0.7029538 -0.0597561 -0.7086686 -0.2523367 -0.6185746 0.253004 -0.6997724 -0.02561044 -0.529834 -0.2171258 -0.8194371 0 0 0 0 0 0 0 0 0 0 0 0 0 0 0 0 
1389 0.04433898 0.9990674 -8.541191 -0.1576096 0.5378712 -8.55877 -0.157609596848488 0.537871241569519 -8.55877017974854 0.02008134 0.9962505 -8.792835 0.02141496 0.6010983 -8.775578 0.169497 0.5192094 -8.778706 3.240915 18.74337 -155.6253 -46.64966 2.830106 4.048154 -23.36854 18.11701 -20.92909 0 18.24931 -158.4667 0 0 0 0 -0.9530287 -0.9530293 -0.006647132 -0.7038307 -0.06338172 -0.7075037 -0.2533414 -0.6178051 0.2543078 -0.6996165 -0.02493232 -0.5289062 -0.2184266 -0.8197117 0 0 0 0 0 0 0 0 0 0 0 0 0 0 0 0 
1420 0.0460945 0.9992512 -8.540803 -0.160521 0.5401958 -8.560113 -0.160520970821381 0.540195822715759 -8.56011295318604 0.02008134 0.9962505 -8.792835 0.02141496 0.6010983 -8.775578 0.169497 0.5192094 -8.778706 3.466991 18.67109 -155.5933 -47.50259 2.997594 4.170987 -23.27409 18.20767 -21.00816 0 18.24931 -158.4667 0 0 0 0 -0.9530287 -0.9530293 -0.005563818 -0.7041034 -0.06512424 -0.7070833 -0.2552063 -0.6161169 0.2567149 -0.6995483 -0.0240231 -0.5282581 -0.2204252 -0.8196219 0 0 0 0 0 0 0 0 0 0 0 0 0 0 0 0 
1457 0.04954833 0.9996169 -8.540216 -0.1574196 0.5407192 -8.559493 -0.157419621944427 0.540719151496887 -8.55949306488037 0.02008134 0.9962505 -8.792835 0.02141496 0.6010983 -8.775578 0.169497 0.5192094 -8.778706 3.908365 18.49436 -155.5609 -47.99518 2.917759 4.319789 -21.52348 17.35609 -20.06486 0 18.24931 -158.4667 0 0 0 0 -0.9530287 -0.9530293 -0.003313635 -0.7048501 -0.06841284 -0.7060421 -0.2563545 -0.6156935 0.2585498 -0.6988252 -0.01528787 -0.5299677 -0.2277459 -0.816721 0 0 0 0 0 0 0 0 0 0 0 0 0 0 0 0 
1488 0.05259246 0.9999455 -8.539865 -0.1597634 0.5435566 -8.560082 -0.159763365983963 0.543556571006775 -8.56008243560791 0.02008134 0.9962505 -8.792835 0.02141496 0.6010983 -8.775578 0.169497 0.5192094 -8.778706 4.297478 18.34061 -155.5515 -49.0889 3.017802 4.395492 -20.11891 16.72677 -19.63777 0 18.24931 -158.4667 0 0 0 0 -0.9530287 -0.9530293 -0.001201646 -0.7054996 -0.07118241 -0.705126 -0.2597748 -0.613789 0.2623396 -0.6978244 -0.006860728 -0.5318345 -0.2371581 -0.8129341 0 0 0 0 0 0 0 0 0 0 0 0 0 0 0 0 
1519 0.05456161 1.000144 -8.539888 -0.1596794 0.5446463 -8.5603 -0.159679442644119 0.544646263122559 -8.56029987335205 0.02008134 0.9962505 -8.792835 0.02141496 0.6010983 -8.775578 0.169497 0.5192094 -8.778706 4.544087 18.18816 -155.5903 -49.58371 3.095302 4.406516 -17.84028 15.83804 -18.96729 0 18.24931 -158.4667 0 0 0 0 -0.9530287 -0.9530293 0.0003319808 -0.7062532 -0.07277437 -0.7042094 -0.2604579 -0.6136121 0.262714 -0.6975843 0.002307962 -0.5336269 -0.2489303 -0.808252 0 0 0 0 0 0 0 0 0 0 0 0 0 0 0 0 
1548 0.05655975 1.00035 -8.539967 -0.1574562 0.5447077 -8.559514 -0.157456234097481 0.544707655906677 -8.55951404571533 0.02008134 0.9962505 -8.792835 0.02141496 0.6010983 -8.775578 0.169497 0.5192094 -8.778706 4.792915 18.0182 -155.6391 -49.79489 3.125482 4.347291 -16.88719 15.44199 -18.67442 0 18.24931 -158.4667 0 0 0 0 -0.9530287 -0.9530293 0.001917726 -0.7071111 -0.07434959 -0.7031806 -0.2607836 -0.6144385 0.2619821 -0.6970102 0.006721254 -0.5349519 -0.2540039 -0.8057693 0 0 0 0 0 0 0 0 0 0 0 0 0 0 0 0 
1581 0.05955962 1.000662 -8.540212 -0.1524994 0.5440633 -8.558733 -0.152499422430992 0.544063329696655 -8.5587329864502 0.02008134 0.9962505 -8.792835 0.02141496 0.6010983 -8.775578 0.169497 0.5192094 -8.778706 5.179194 17.88928 -155.697 -49.89648 2.81815 4.423924 -14.50318 14.29327 -17.79359 0 18.24931 -158.4667 0 0 0 0 -0.9530287 -0.9530293 0.004478449 -0.7076488 -0.07661573 -0.7023842 -0.2608469 -0.6172429 0.2605144 -0.6950562 0.02268227 -0.5390647 -0.2700261 -0.7974845 0 0 0 0 0 0 0 0 0 0 0 0 0 0 0 0 
1611 0.06107177 1.000825 -8.540359 -0.1502259 0.5438446 -8.558136 -0.15022586286068 0.54384458065033 -8.55813598632813 0.02008134 0.9962505 -8.792835 0.02141496 0.6010983 -8.775578 0.169497 0.5192094 -8.778706 5.373978 17.82325 -155.729 -49.97461 2.691096 4.41592 -12.23945 13.43108 -17.41169 0 18.24931 -158.4667 0 0 0 0 -0.9530287 -0.9530293 0.005786351 -0.7079261 -0.07774127 -0.7019715 -0.2596263 -0.6194447 0.2583637 -0.6943568 0.03795692 -0.5415892 -0.2867183 -0.7893251 0 0 0 0 0 0 0 0 0 0 0 0 0 0 0 0 
1641 0.0645317 1.001212 -8.540764 -0.1433464 0.5426496 -8.558133 -0.143346443772316 0.542649626731873 -8.55813312530518 0.02008134 0.9962505 -8.792835 0.02141496 0.6010983 -8.775578 0.169497 0.5192094 -8.778706 5.822885 17.70214 -155.8028 -49.97794 2.581773 4.445046 -10.75215 12.81756 -16.96937 0 18.24931 -158.4667 0 0 0 0 -0.9530287 -0.9530293 0.008851515 -0.7083813 -0.0802644 -0.701196 -0.2587569 -0.6208381 0.2571476 -0.6938881 0.04854579 -0.5437702 -0.2966772 -0.7835438 0 0 0 0 0 0 0 0 0 0 0 0 0 0 0 0 
1674 0.06628799 1.001422 -8.540939 -0.140744 0.5424443 -8.557413 -0.140744045376778 0.542444348335266 -8.55741310119629 0.02008134 0.9962505 -8.792835 0.02141496 0.6010983 -8.775578 0.169497 0.5192094 -8.778706 6.053872 17.6713 -155.8289 -50.09705 2.710464 4.252861 -8.966777 11.90738 -16.67381 0 18.24931 -158.4667 0 0 0 0 -0.9530287 -0.9530293 0.01040312 -0.7084227 -0.08157048 -0.700982 -0.257497 -0.6220843 0.2546387 -0.6941659 0.06170272 -0.545789 -0.3112235 -0.7755308 0 0 0 0 0 0 0 0 0 0 0 0 0 0 0 0 
1705 0.0699768 1.001878 -8.541409 -0.1325104 0.5408609 -8.557427 -0.132510408759117 0.540860891342163 -8.55742740631104 0.02008134 0.9962505 -8.792835 0.02141496 0.6010983 -8.775578 0.169497 0.5192094 -8.778706 6.538592 17.59696 -155.8982 -50.00119 2.679093 4.208754 -7.404948 11.25717 -16.21934 0 18.24931 -158.4667 0 0 0 0 -0.9530287 -0.9530293 0.01373661 -0.7085695 -0.08423603 -0.7004609 -0.2559132 -0.6233671 0.2525461 -0.6943654 0.07197496 -0.546918 -0.3220994 -0.769385 0 0 0 0 0 0 0 0 0 0 0 0 0 0 0 0 
1736 0.07193832 1.002126 -8.541733 -0.1231926 0.5378804 -8.555686 -0.123192630708218 0.537880420684814 -8.55568599700928 0.02008134 0.9962505 -8.792835 0.02141496 0.6010983 -8.775578 0.169497 0.5192094 -8.778706 6.792752 17.51501 -155.9529 -49.31445 2.695267 4.012016 -5.855784 10.48867 -15.62211 0 18.24931 -158.4667 0 0 0 0 -0.9530287 -0.9530293 0.01553726 -0.7089056 -0.08560205 -0.6999174 -0.250171 -0.6271776 0.2449592 -0.695743 0.08691081 -0.5486295 -0.33379 -0.7616018 0 0 0 0 0 0 0 0 0 0 0 0 0 0 0 0 
1766 0.07580642 1.002641 -8.542394 -0.1156273 0.5368465 -8.555931 -0.115627318620682 0.536846518516541 -8.55593109130859 0.02008134 0.9962505 -8.792835 0.02141496 0.6010983 -8.775578 0.169497 0.5192094 -8.778706 7.292822 17.33243 -156.066 -49.35062 2.742436 3.953357 -6.787913 10.64023 -15.8484 0 18.24931 -158.4667 0 0 0 0 -0.9530287 -0.9530293 0.0190875 -0.7096895 -0.08828968 -0.6987003 -0.2490454 -0.6280819 0.2435805 -0.6958153 0.08691081 -0.5486295 -0.33379 -0.7616018 0 0 0 0 0 0 0 0 0 0 0 0 0 0 0 0 
1798 0.07777786 1.00291 -8.542803 -0.1081932 0.5348767 -8.555216 -0.10819324105978 0.534876704216003 -8.55521583557129 0.02008134 0.9962505 -8.792835 0.02141496 0.6010983 -8.775578 0.169497 0.5192094 -8.778706 7.549154 17.25004 -156.13 -48.9209 2.787168 3.821459 -4.703562 9.766604 -14.71412 0 18.24931 -158.4667 0 0 0 0 -0.9530287 -0.9530293 0.02096219 -0.7100288 -0.08960354 -0.6981343 -0.2443272 -0.6315525 0.2376389 -0.696401 0.1074062 -0.5515456 -0.3457026 -0.7514998 0 0 0 0 0 0 0 0 0 0 0 0 0 0 0 0 
1852 0.08632354 1.004236 -8.544072 -0.09277499 0.5335135 -8.55584 -0.0927749872207642 0.53351354598999 -8.55583953857422 0.02008134 0.9962505 -8.792835 0.02141496 0.6010983 -8.775578 0.169497 0.5192094 -8.778706 8.658014 16.83603 -156.3415 -49.18082 2.914477 3.728506 -5.381419 9.833865 -14.87815 0 18.24931 -158.4667 0 0 0 0 -0.9530287 -0.9530293 0.02861384 -0.7117579 -0.09576411 -0.6952782 -0.2443272 -0.6315525 0.2376389 -0.696401 0.1074062 -0.5515456 -0.3457026 -0.7514998 0 0 0 0 0 0 0 0 0 0 0 0 0 0 0 0 
1882 0.08758544 1.004452 -8.544206 -0.08689348 0.5319822 -8.55532 -0.0868934839963913 0.531982183456421 -8.55531978607178 0.02008134 0.9962505 -8.792835 0.02141496 0.6010983 -8.775578 0.169497 0.5192094 -8.778706 8.823701 16.79334 -156.3612 -48.77484 2.888713 3.698007 -3.309733 8.839672 -13.91572 0 18.24931 -158.4667 0 0 0 0 -0.9530287 -0.9530293 0.02971356 -0.7118922 -0.09671777 -0.6949624 -0.2359546 -0.6378484 0.2285648 -0.6965872 0.1295224 -0.5544195 -0.3599125 -0.7391258 0 0 0 0 0 0 0 0 0 0 0 0 0 0 0 0 
1911 0.09334487 1.005482 -8.544886 -0.07049792 0.5292038 -8.555336 -0.070497915148735 0.529203772544861 -8.55533599853516 0.02008134 0.9962505 -8.792835 0.02141496 0.6010983 -8.775578 0.169497 0.5192094 -8.778706 9.585098 16.64128 -156.4498 -48.24249 2.976123 3.606967 -3.421 8.740604 -13.87541 0 18.24931 -158.4667 0 0 0 0 -0.9530287 -0.9530293 0.03482034 -0.7122395 -0.1010209 -0.6937563 -0.2322071 -0.6394685 0.2241663 -0.6977894 0.1328221 -0.5544809 -0.3621404 -0.7374039 0 0 0 0 0 0 0 0 0 0 0 0 0 0 0 0 
1940 0.09534683 1.005852 -8.545197 -0.06442263 0.52817 -8.554612 -0.0644226297736168 0.528169989585876 -8.554612159729 0.02008134 0.9962505 -8.792835 0.02141496 0.6010983 -8.775578 0.169497 0.5192094 -8.778706 9.850925 16.59433 -156.4888 -48.01248 3.11548 3.411669 -3.30012 8.369058 -13.58241 0 18.24931 -158.4667 0 0 0 0 -0.9530287 -0.9530293 0.03666212 -0.7123272 -0.1024578 -0.6933604 -0.2269735 -0.6422411 0.2178487 -0.698965 0.143279 -0.5543122 -0.3686516 -0.7323291 0 0 0 0 0 0 0 0 0 0 0 0 0 0 0 0 
1970 0.09930573 1.006603 -8.545925 -0.05123064 0.5259149 -8.554444 -0.0512306429445744 0.525914907455444 -8.55444431304932 0.02008134 0.9962505 -8.792835 0.02141496 0.6010983 -8.775578 0.169497 0.5192094 -8.778706 10.37872 16.51327 -156.5772 -47.4194 3.150378 3.278843 -1.194621 7.76621 -12.3278 0 18.24931 -158.4667 0 0 0 0 -0.9530287 -0.9530293 0.04040276 -0.7124335 -0.1052165 -0.6926299 -0.2225888 -0.6445661 0.2122463 -0.6999578 0.1640772 -0.5550154 -0.3796968 -0.7217116 0 0 0 0 0 0 0 0 0 0 0 0 0 0 0 0 
2020 0.1038765 1.007524 -8.546703 -0.0352585 0.5233744 -8.552639 -0.0352585017681122 0.523374438285828 -8.55263900756836 0.02008134 0.9962505 -8.792835 0.02141496 0.6010983 -8.775578 0.169497 0.5192094 -8.778706 10.98018 16.30576 -156.6846 -46.6398 3.251618 2.975928 -0.8751018 7.455852 -11.86582 0 18.24931 -158.4667 0 0 0 0 -0.9530287 -0.9530293 0.0445651 -0.7132173 -0.1085067 -0.6910585 -0.2161659 -0.6480298 0.203445 -0.7013847 0.1753585 -0.5550451 -0.3855596 -0.7159044 0 0 0 0 0 0 0 0 0 0 0 0 0 0 0 0 
2048 0.1088966 1.008626 -8.54722 -0.01769411 0.5210189 -8.550094 -0.0176941081881523 0.521018862724304 -8.55009365081787 0.02008134 0.9962505 -8.792835 0.02141496 0.6010983 -8.775578 0.169497 0.5192094 -8.778706 11.63943 16.04704 -156.7567 -45.80371 3.492086 2.603362 -0.2231853 7.163463 -11.17085 0 18.24931 -158.4667 0 0 0 0 -0.9530287 -0.9530293 0.04882526 -0.7142 -0.112428 -0.6891262 -0.2092358 -0.6516896 0.1934581 -0.7029194 0.1912156 -0.5551978 -0.3940212 -0.7070645 0 0 0 0 0 0 0 0 0 0 0 0 0 0 0 0 
2079 0.1112038 1.009166 -8.547327 -0.004827896 0.5189303 -8.548108 -0.00482789613306522 0.518930315971375 -8.54810810089111 0.02008134 0.9962505 -8.792835 0.02141496 0.6010983 -8.775578 0.169497 0.5192094 -8.778706 11.94472 15.95377 -156.7675 -44.86288 3.649569 2.361857 -0.3428447 7.063844 -10.72911 0 18.24931 -158.4667 0 0 0 0 -0.9530287 -0.9530293 0.05069888 -0.7144731 -0.1143333 -0.6883941 -0.2011221 -0.6559058 0.182625 -0.704263 0.2018519 -0.5548564 -0.3998443 -0.7010818 0 0 0 0 0 0 0 0 0 0 0 0 0 0 0 0 
2119 0.1158546 1.010273 -8.547779 0.009802995 0.5177814 -8.5477 0.00980299524962902 0.517781376838684 -8.54769992828369 0.02008134 0.9962505 -8.792835 0.02141496 0.6010983 -8.775578 0.169497 0.5192094 -8.778706 12.56712 15.82762 -156.8106 -44.30652 3.548804 2.340385 -1.603587 7.12186 -10.79356 0 18.24931 -158.4667 0 0 0 0 -0.9530287 -0.9530293 0.05472735 -0.7146669 -0.1179707 -0.6872696 -0.1966928 -0.6586385 0.1769006 -0.7044247 0.2018519 -0.5548564 -0.3998443 -0.7010818 0 0 0 0 0 0 0 0 0 0 0 0 0 0 0 0 
2156 0.1229233 1.01203 -8.548825 0.0352394 0.5159466 -8.546121 0.0352393984794617 0.515946626663208 -8.54612064361572 0.02008134 0.9962505 -8.792835 0.02141496 0.6010983 -8.775578 0.169497 0.5192094 -8.778706 13.50889 15.51479 -156.9291 -43.07578 3.1993 2.252946 0.2738493 6.344848 -8.518046 0 18.24931 -158.4667 0 0 0 0 -0.9530287 -0.9530293 0.06101412 -0.7156928 -0.1233085 -0.6847312 -0.1874642 -0.66485 0.1643664 -0.704142 0.2314868 -0.5595416 -0.4069692 -0.683889 0 0 0 0 0 0 0 0 0 0 0 0 0 0 0 0 
2187 0.1270119 1.013102 -8.549477 0.05302963 0.5148103 -8.544312 0.0530296266078949 0.51481032371521 -8.54431247711182 0.02008134 0.9962505 -8.792835 0.02141496 0.6010983 -8.775578 0.169497 0.5192094 -8.778706 14.05762 15.35366 -156.9972 -42.02206 3.120633 2.018363 -0.49528 6.168766 -7.907786 0 18.24931 -158.4667 0 0 0 0 -0.9530287 -0.9530293 0.06470447 -0.7161514 -0.1263727 -0.6833528 -0.1773875 -0.670976 0.1507298 -0.7039929 0.2452958 -0.5624907 -0.4097792 -0.6749192 0 0 0 0 0 0 0 0 0 0 0 0 0 0 0 0 
2229 0.1318543 1.014431 -8.550213 0.07267608 0.5141921 -8.542876 0.0726760774850845 0.5141921043396 -8.54287624359131 0.02008134 0.9962505 -8.792835 0.02141496 0.6010983 -8.775578 0.169497 0.5192094 -8.778706 14.702 15.05993 -157.0762 -40.9447 2.914781 1.903404 -0.9187419 6.027641 -7.15977 0 18.24931 -158.4667 0 0 0 0 -0.9530287 -0.9530293 0.06892733 -0.7172796 -0.1301141 -0.6810507 -0.1690459 -0.6759406 0.1397346 -0.7035643 0.256774 -0.5646061 -0.4121973 -0.6673689 0 0 0 0 0 0 0 0 0 0 0 0 0 0 0 0 
2266 0.1360367 1.015614 -8.551034 0.09090347 0.5139331 -8.542401 0.0909034684300423 0.513933062553406 -8.54240131378174 0.02008134 0.9962505 -8.792835 0.02141496 0.6010983 -8.775578 0.169497 0.5192094 -8.778706 15.26207 14.80858 -157.1632 -39.88348 2.792523 1.811583 -0.5988567 5.674816 -5.71226 0 18.24931 -158.4667 0 0 0 0 -0.9530287 -0.9530293 0.07272135 -0.718245 -0.1332238 -0.6790345 -0.1600592 -0.6811118 0.1282602 -0.7028641 0.2769724 -0.5687712 -0.4156669 -0.6534579 0 0 0 0 0 0 0 0 0 0 0 0 0 0 0 0 
2303 0.1380867 1.016213 -8.551399 0.1216942 0.5128267 -8.540099 0.121694184839725 0.512826681137085 -8.54009914398193 0.02008134 0.9962505 -8.792835 0.02141496 0.6010983 -8.775578 0.169497 0.5192094 -8.778706 15.53372 14.63718 -157.2016 -36.83237 2.065546 1.782182 -0.553477 5.461658 -4.534861 0 18.24931 -158.4667 0 0 0 0 -0.9530287 -0.9530293 0.07449035 -0.7189906 -0.1348188 -0.6777377 -0.1408632 -0.6919302 0.1042103 -0.7003793 0.2935991 -0.5713725 -0.4179205 -0.6423989 0 0 0 0 0 0 0 0 0 0 0 0 0 0 0 0 
2333 0.142321 1.017501 -8.551996 0.1337883 0.5139264 -8.540384 0.133788302540779 0.513926386833191 -8.54038429260254 0.02008134 0.9962505 -8.792835 0.02141496 0.6010983 -8.775578 0.169497 0.5192094 -8.778706 16.10282 14.38321 -157.2505 -36.51056 2.129839 1.728444 -3.44401 5.764818 -5.036723 0 18.24931 -158.4667 0 0 0 0 -0.9530287 -0.9530293 0.07812946 -0.7198973 -0.1381918 -0.6756828 -0.1375868 -0.6934063 0.1002249 -0.7001523 0.2977242 -0.5717756 -0.4185913 -0.6396993 0 0 0 0 0 0 0 0 0 0 0 0 0 0 0 0 
2371 0.146743 1.018913 -8.552407 0.1640297 0.5155861 -8.539819 0.164029702544212 0.515586137771606 -8.53981876373291 0.02008134 0.9962505 -8.792835 0.02141496 0.6010983 -8.775578 0.169497 0.5192094 -8.778706 16.6996 14.14234 -157.267 -34.14819 1.728788 1.714075 -2.283244 5.381261 -3.300181 0 18.24931 -158.4667 0 0 0 0 -0.9530287 -0.9530293 0.08177775 -0.7206426 -0.1418915 -0.6736868 -0.1212489 -0.7007606 0.08108361 -0.6983261 0.3177226 -0.5747315 -0.4212806 -0.6255075 0 0 0 0 0 0 0 0 0 0 0 0 0 0 0 0 
2421 0.1537895 1.021268 -8.553123 0.1888176 0.5188516 -8.541055 0.188817620277405 0.518851637840271 -8.54105472564697 0.02008134 0.9962505 -8.792835 0.02141496 0.6010983 -8.775578 0.169497 0.5192094 -8.778706 17.65837 13.79591 -157.2897 -33.06519 1.317669 1.860885 -4.28599 5.243401 -2.640818 0 18.24931 -158.4667 0 0 0 0 -0.9530287 -0.9530293 0.08767924 -0.7215639 -0.1477641 -0.6706893 -0.1116097 -0.7060612 0.07040995 -0.6957471 0.3286118 -0.5781596 -0.4208602 -0.6169467 0 0 0 0 0 0 0 0 0 0 0 0 0 0 0 0 
2457 0.1547997 1.021612 -8.553291 0.2109932 0.5210813 -8.542963 0.210993215441704 0.521081328392029 -8.5429630279541 0.02008134 0.9962505 -8.792835 0.02141496 0.6010983 -8.775578 0.169497 0.5192094 -8.778706 17.7965 13.74216 -157.3007 -30.72729 0.4615799 2.156985 -4.564951 4.813545 -0.402354 0 18.24931 -158.4667 0 0 0 0 -0.9530287 -0.9530293 0.08857328 -0.7217249 -0.1485626 -0.6702221 -0.09235878 -0.7157443 0.04980281 -0.6904349 0.351012 -0.5862245 -0.4172218 -0.5992147 0 0 0 0 0 0 0 0 0 0 0 0 0 0 0 0 
2494 0.1599548 1.023416 -8.554082 0.2302406 0.5246612 -8.544159 0.230240643024445 0.524661183357239 -8.54415893554688 0.02008134 0.9962505 -8.792835 0.02141496 0.6010983 -8.775578 0.169497 0.5192094 -8.778706 18.48785 13.24604 -157.3442 -29.78842 0.224364 2.200912 -6.761698 4.89065 -0.9225566 0 18.24931 -158.4667 0 0 0 0 -0.9530287 -0.9530293 0.09278133 -0.7238076 -0.1528949 -0.6664218 -0.0860763 -0.7183541 0.04303449 -0.6889898 0.3539984 -0.5870779 -0.4168157 -0.5969005 0 0 0 0 0 0 0 0 0 0 0 0 0 0 0 0 
2525 0.1628937 1.024492 -8.554348 0.2479935 0.5280341 -8.545211 0.247993484139442 0.528034090995789 -8.54521083831787 0.02008134 0.9962505 -8.792835 0.02141496 0.6010983 -8.775578 0.169497 0.5192094 -8.778706 18.88027 12.94103 -157.3389 -28.46942 0.176797 2.224621 -7.342021 4.887657 -0.2850139 0 18.24931 -158.4667 0 0 0 0 -0.9530287 -0.9530293 0.09498706 -0.7250705 -0.1555509 -0.6641195 -0.07426006 -0.7230107 0.03012343 -0.6861737 0.3651884 -0.5897829 -0.4165471 -0.5876077 0 0 0 0 0 0 0 0 0 0 0 0 0 0 0 0 
2575 0.1690948 1.026901 -8.554097 0.2736473 0.5341743 -8.544868 0.273647308349609 0.53417432308197 -8.54486846923828 0.02008134 0.9962505 -8.792835 0.02141496 0.6010983 -8.775578 0.169497 0.5192094 -8.778706 19.70263 12.29602 -157.2067 -27.03763 -0.01742554 2.268197 -7.89271 4.623521 0.6363078 0 18.24931 -158.4667 0 0 0 0 -0.9530287 -0.9530293 0.09894188 -0.7275438 -0.1618398 -0.6593171 -0.06367397 -0.7270575 0.01836059 -0.6833715 0.3763194 -0.5922592 -0.4171643 -0.5775704 0 0 0 0 0 0 0 0 0 0 0 0 0 0 0 0 
2606 0.1733543 1.02861 -8.554051 0.2886902 0.5382699 -8.546317 0.288690209388733 0.538269877433777 -8.5463171005249 0.02008134 0.9962505 -8.792835 0.02141496 0.6010983 -8.775578 0.169497 0.5192094 -8.778706 20.27294 11.88715 -157.122 -26.35233 0.08582995 2.431569 -9.576121 4.873916 0.5918788 0 18.24931 -158.4667 0 0 0 0 -0.9530287 -0.9530293 0.1017889 -0.7290141 -0.1660747 -0.656199 -0.05484258 -0.7304764 0.008406818 -0.680681 0.3821359 -0.5935028 -0.4173724 -0.5723005 0 0 0 0 0 0 0 0 0 0 0 0 0 0 0 0 
2647 0.1801087 1.031381 -8.554605 0.3088951 0.5443796 -8.548314 0.308895111083984 0.544379591941834 -8.54831409454346 0.02008134 0.9962505 -8.792835 0.02141496 0.6010983 -8.775578 0.169497 0.5192094 -8.778706 21.19491 11.32351 -157.0558 -25.69373 0.1085768 2.536779 -9.866527 4.726739 1.351831 0 18.24931 -158.4667 0 0 0 0 -0.9530287 -0.9530293 0.1069206 -0.7308879 -0.1723011 -0.6516776 -0.04755174 -0.7329956 0.0004588251 -0.6785696 0.3917021 -0.5946515 -0.4174373 -0.5645404 0 0 0 0 0 0 0 0 0 0 0 0 0 0 0 0 
2684 0.1842888 1.033144 -8.555211 0.3189316 0.5477147 -8.55013 0.318931579589844 0.547714710235596 -8.55012989044189 0.02008134 0.9962505 -8.792835 0.02141496 0.6010983 -8.775578 0.169497 0.5192094 -8.778706 21.7828 11.11912 -157.0477 -25.60657 0.4532813 2.565941 -10.90147 4.833261 1.346657 0 18.24931 -158.4667 0 0 0 0 -0.9530287 -0.9530293 0.1105263 -0.7312272 -0.175856 -0.649743 -0.04131105 -0.7343621 -0.006108352 -0.6774725 0.396845 -0.5947119 -0.4178597 -0.5605585 0 0 0 0 0 0 0 0 0 0 0 0 0 0 0 0 
2715 0.1866722 1.03417 -8.555594 0.3294571 0.5510668 -8.55117 0.329457104206085 0.551066756248474 -8.55117034912109 0.02008134 0.9962505 -8.792835 0.02141496 0.6010983 -8.775578 0.169497 0.5192094 -8.778706 22.11706 10.96769 -157.0437 -24.97272 0.4446427 2.53796 -10.92268 4.515396 2.107794 0 18.24931 -158.4667 0 0 0 0 -0.9530287 -0.9530293 0.1125583 -0.7316115 -0.1779005 -0.6484036 -0.03401075 -0.7359971 -0.013889 -0.6759878 0.4028604 -0.5953365 -0.4182537 -0.5552861 0 0 0 0 0 0 0 0 0 0 0 0 0 0 0 0 
2747 0.1915131 1.036283 -8.556725 0.3414497 0.5553443 -8.553144 0.341449737548828 0.555344343185425 -8.55314350128174 0.02008134 0.9962505 -8.792835 0.02141496 0.6010983 -8.775578 0.169497 0.5192094 -8.778706 22.79375 10.52095 -157.0659 -24.79575 0.4765685 2.516978 -11.45314 4.456763 2.494674 0 18.24931 -158.4667 0 0 0 0 -0.9530287 -0.9530293 0.116756 -0.7332079 -0.1819596 -0.6447213 -0.03101926 -0.7367921 -0.01725146 -0.6751876 0.4073247 -0.5963541 -0.4179753 -0.5511315 0 0 0 0 0 0 0 0 0 0 0 0 0 0 0 0 
2790 0.196949 1.038753 -8.557866 0.3540238 0.560094 -8.554826 0.35402375459671 0.560093998908997 -8.55482578277588 0.02008134 0.9962505 -8.792835 0.02141496 0.6010983 -8.775578 0.169497 0.5192094 -8.778706 23.55684 10.01991 -157.0607 -24.71689 0.6444539 2.457579 -11.83168 4.47577 2.719339 0 18.24931 -158.4667 0 0 0 0 -0.9530287 -0.9530293 0.1213504 -0.7349088 -0.1866754 -0.6405749 -0.02666617 -0.7385224 -0.02239857 -0.6733295 0.412092 -0.5975738 -0.4178196 -0.5463639 0 0 0 0 0 0 0 0 0 0 0 0 0 0 0 0 
2817 0.2024086 1.041329 -8.559 0.3682618 0.5656351 -8.557062 0.368261754512787 0.565635085105896 -8.55706214904785 0.02008134 0.9962505 -8.792835 0.02141496 0.6010983 -8.775578 0.169497 0.5192094 -8.778706 24.3254 9.474928 -157.0355 -24.43039 0.7230198 2.452675 -11.84257 4.464608 3.439291 0 18.24931 -158.4667 0 0 0 0 -0.9530287 -0.9530293 0.1258719 -0.7367744 -0.1915327 -0.6361095 -0.0205391 -0.7410279 -0.02933053 -0.6705195 0.4204712 -0.5990953 -0.4174158 -0.5385663 0 0 0 0 0 0 0 0 0 0 0 0 0 0 0 0 
2859 0.2051125 1.04265 -8.559419 0.3770767 0.5691279 -8.558648 0.377076745033264 0.569127917289734 -8.55864810943604 0.02008134 0.9962505 -8.792835 0.02141496 0.6010983 -8.775578 0.169497 0.5192094 -8.778706 24.71325 9.308454 -157.0094 -24.08322 0.9113104 2.480464 -12.28352 4.642348 3.570188 0 18.24931 -158.4667 0 0 0 0 -0.9530287 -0.9530293 0.1281599 -0.7370709 -0.1939553 -0.6345736 -0.01360334 -0.7431297 -0.03633248 -0.6680225 0.4263007 -0.5990289 -0.4175985 -0.5338956 0 0 0 0 0 0 0 0 0 0 0 0 0 0 0 0 
2889 0.2120156 1.046126 -8.560586 0.3939385 0.5763392 -8.561467 0.393938481807709 0.576339244842529 -8.56146717071533 0.02008134 0.9962505 -8.792835 0.02141496 0.6010983 -8.775578 0.169497 0.5192094 -8.778706 25.72921 9.121896 -156.9735 -23.88129 0.9884641 2.498821 -12.54499 4.590783 3.899884 0 18.24931 -158.4667 0 0 0 0 -0.9530287 -0.9530293 0.1344972 -0.7364654 -0.1998498 -0.6321311 -0.009793364 -0.7436476 -0.03986181 -0.6673111 -0.4305137 0.5983533 0.4179473 0.5309919 0 0 0 0 0 0 0 0 0 0 0 0 0 0 0 0 
2924 0.2188278 1.049684 -8.562227 0.4103898 0.583751 -8.56488 0.41038978099823 0.58375096321106 -8.56488037109375 0.02008134 0.9962505 -8.792835 0.02141496 0.6010983 -8.775578 0.169497 0.5192094 -8.778706 26.74163 8.824682 -156.9786 -23.70526 1.128694 2.473655 -12.60313 4.626427 4.522624 0 18.24931 -158.4667 0 0 0 0 -0.9530287 -0.9530293 0.1409884 -0.7364969 -0.205504 -0.6288587 -0.002040356 -0.743849 -0.04691751 -0.6666963 -0.4401772 0.5965453 0.4192831 0.5240042 0 0 0 0 0 0 0 0 0 0 0 0 0 0 0 0 
2952 0.2205651 1.050614 -8.562695 0.4151863 0.5859528 -8.565602 0.41518634557724 0.585952758789063 -8.56560230255127 0.02008134 0.9962505 -8.792835 0.02141496 0.6010983 -8.775578 0.169497 0.5192094 -8.778706 27.00307 8.759337 -156.9857 -23.59369 1.210395 2.420135 -12.91542 4.620385 5.097595 0 18.24931 -158.4667 0 0 0 0 -0.9530287 -0.9530293 0.1427052 -0.7364428 -0.2069101 -0.6280733 0.004965675 -0.7449678 -0.05382581 -0.6649073 -0.4481065 0.5960313 0.4194784 0.5176737 0 0 0 0 0 0 0 0 0 0 0 0 0 0 0 0 
2989 0.2294983 1.05557 -8.565119 0.4391633 0.5975307 -8.571225 0.439163267612457 0.597530722618103 -8.5712251663208 0.02008134 0.9962505 -8.792835 0.02141496 0.6010983 -8.775578 0.169497 0.5192094 -8.778706 28.35271 8.33492 -157.0002 -23.02811 1.057933 2.439036 -12.83018 4.616712 5.540102 0 18.24931 -158.4667 0 0 0 0 -0.9530287 -0.9530293 0.1514198 -0.7365491 -0.2143173 -0.6234069 0.009976634 -0.746197 -0.05885815 -0.6630437 -0.4523791 0.5959702 0.4193895 0.5140876 0 0 0 0 0 0 0 0 0 0 0 0 0 0 0 0 
3036 0.23648 1.059664 -8.566701 0.4502579 0.6035335 -8.573051 0.450257897377014 0.603533506393433 -8.57305145263672 0.02008134 0.9962505 -8.792835 0.02141496 0.6010983 -8.775578 0.169497 0.5192094 -8.778706 29.42333 8.118365 -156.9765 -23.59833 1.25494 2.339775 -13.87889 4.713985 5.70634 0 18.24931 -158.4667 0 0 0 0 -0.9530287 -0.9530293 0.1582124 -0.7358266 -0.2202822 -0.6204872 0.01481 -0.747159 -0.06379451 -0.6614114 -0.4599348 0.595718 0.4195986 0.5074623 0 0 0 0 0 0 0 0 0 0 0 0 0 0 0 0 
3065 0.2423386 1.063201 -8.568976 0.4665368 0.6121466 -8.577984 0.4665367603302 0.612146615982056 -8.57798385620117 0.02008134 0.9962505 -8.792835 0.02141496 0.6010983 -8.775578 0.169497 0.5192094 -8.778706 30.37105 8.210361 -157.1278 -23.18286 1.150125 2.274844 -13.43785 4.668551 6.602976 0 18.24931 -158.4667 0 0 0 0 -0.9530287 -0.9530293 0.165263 -0.7338917 -0.224277 -0.6195091 0.02363065 -0.7485164 -0.07322616 -0.6586375 -0.468188 0.5956585 0.4197943 0.4997644 0 0 0 0 0 0 0 0 0 0 0 0 0 0 0 0 
3108 0.2537522 1.070585 -8.571065 0.4864945 0.623873 -8.57975 0.486494481563568 0.623872995376587 -8.57975006103516 0.02008134 0.9962505 -8.792835 0.02141496 0.6010983 -8.775578 0.169497 0.5192094 -8.778706 32.16485 7.962678 -157.0235 -23.89719 1.013913 2.099667 -14.49177 4.401716 6.89682 0 18.24931 -158.4667 0 0 0 0 -0.9530287 -0.9530293 0.1763303 -0.7316801 -0.2344941 -0.6152762 0.02488143 -0.7487189 -0.0746744 -0.6581988 -0.4707822 0.5964138 0.41951 0.4966558 0 0 0 0 0 0 0 0 0 0 0 0 0 0 0 0 
3145 0.2624657 1.076614 -8.571672 0.4999527 0.6324137 -8.580701 0.499952733516693 0.632413744926453 -8.58070087432861 0.02008134 0.9962505 -8.792835 0.02141496 0.6010983 -8.775578 0.169497 0.5192094 -8.778706 33.52331 7.574118 -156.7516 -24.66953 1.17376 2.207287 -15.01719 4.842234 7.20087 0 18.24931 -158.4667 0 0 0 0 -0.9530287 -0.9530293 0.183648 -0.7305852 -0.2434495 -0.6109432 0.03231946 -0.7484527 -0.07987225 -0.6575677 -0.4767341 0.5958213 0.4186164 0.4924256 0 0 0 0 0 0 0 0 0 0 0 0 0 0 0 0 
3175 0.266745 1.079697 -8.571839 0.5003594 0.6334568 -8.581338 0.500359416007996 0.633456826210022 -8.58133792877197 0.02008134 0.9962505 -8.792835 0.02141496 0.6010983 -8.775578 0.169497 0.5192094 -8.778706 34.19408 7.3656 -156.5885 -25.85895 1.50672 2.417042 -15.32551 5.256664 7.153169 0 18.24931 -158.4667 0 0 0 0 -0.9530287 -0.9530293 0.1871222 -0.730022 -0.2480221 -0.6087189 0.03432614 -0.7478359 -0.08031145 -0.658114 -0.4802056 0.593457 0.4181848 0.4922739 0 0 0 0 0 0 0 0 0 0 0 0 0 0 0 0 
3204 0.2723053 1.083819 -8.572156 0.5087983 0.63911 -8.5822 0.50879830121994 0.639109969139099 -8.582200050354 0.02008134 0.9962505 -8.792835 0.02141496 0.6010983 -8.775578 0.169497 0.5192094 -8.778706 35.0548 6.839929 -156.3093 -26.37384 1.703658 2.568312 -14.6992 5.139619 7.420021 0 18.24931 -158.4667 0 0 0 0 -0.9530287 -0.9530293 0.1912057 -0.730518 -0.2543571 -0.6042242 0.03606765 -0.7474031 -0.08069041 -0.6584661 -0.4816076 0.5926911 0.4179469 0.492029 0 0 0 0 0 0 0 0 0 0 0 0 0 0 0 0 
3241 0.2805665 1.090184 -8.573186 0.5229325 0.6486973 -8.585202 0.522932529449463 0.648697257041931 -8.58520221710205 0.02008134 0.9962505 -8.792835 0.02141496 0.6010983 -8.775578 0.169497 0.5192094 -8.778706 36.35055 5.931884 -155.897 -26.93381 2.047045 2.838595 -14.92012 5.290349 7.366214 0 18.24931 -158.4667 0 0 0 0 -0.9530287 -0.9530293 0.1974883 -0.7317767 -0.2637325 -0.5966129 0.03905917 -0.747657 -0.08177851 -0.6578726 -0.4832871 0.5923546 0.4176909 0.4910039 0 0 0 0 0 0 0 0 0 0 0 0 0 0 0 0 
3283 0.2852341 1.093923 -8.573796 0.5240067 0.6505013 -8.58646 0.524006724357605 0.650501251220703 -8.58646011352539 0.02008134 0.9962505 -8.792835 0.02141496 0.6010983 -8.775578 0.169497 0.5192094 -8.778706 37.09121 5.412368 -155.6464 -28.18518 2.609174 3.030848 -15.52711 5.294928 7.296281 0 18.24931 -158.4667 0 0 0 0 -0.9530287 -0.9530293 0.2010626 -0.7323816 -0.2691072 -0.5922608 0.03987987 -0.748369 -0.08231719 -0.6569459 -0.485136 0.5930986 0.4172363 0.4886633 0 0 0 0 0 0 0 0 0 0 0 0 0 0 0 0 
3312 0.2894341 1.097386 -8.574137 0.5298295 0.6548629 -8.587518 0.529829502105713 0.654862880706787 -8.58751773834229 0.02008134 0.9962505 -8.792835 0.02141496 0.6010983 -8.775578 0.169497 0.5192094 -8.778706 37.74328 4.802594 -155.3352 -28.64529 2.675104 3.248021 -14.9004 5.030284 7.746144 0 18.24931 -158.4667 0 0 0 0 -0.9530287 -0.9530293 0.2037887 -0.7334742 -0.2743838 -0.5875371 0.04170998 -0.7499964 -0.08419886 -0.6547343 -0.4868719 0.5936555 0.4167283 0.4866902 0 0 0 0 0 0 0 0 0 0 0 0 0 0 0 0 
3339 0.2918137 1.09939 -8.5743 0.5313882 0.6564413 -8.588349 0.531388163566589 0.656441330909729 -8.58834934234619 0.02008134 0.9962505 -8.792835 0.02141496 0.6010983 -8.775578 0.169497 0.5192094 -8.778706 38.10339 4.357352 -155.1152 -29.14902 3.081715 3.395021 -15.01655 5.258513 7.470445 0 18.24931 -158.4667 0 0 0 0 -0.9530287 -0.9530293 0.20508 -0.7345207 -0.277589 -0.5842656 0.04316944 -0.7502975 -0.08520982 -0.6541635 -0.4880759 0.5934103 0.4165314 0.4859512 0 0 0 0 0 0 0 0 0 0 0 0 0 0 0 0 
3369 0.2983124 1.104998 -8.575162 0.544452 0.6656934 -8.590074 0.544451951980591 0.665693402290344 -8.59007358551025 0.02008134 0.9962505 -8.792835 0.02141496 0.6010983 -8.775578 0.169497 0.5192094 -8.778706 39.15258 3.596019 -154.6964 -29.401 3.435671 3.486889 -14.76844 5.221807 7.629176 0 18.24931 -158.4667 0 0 0 0 -0.9530287 -0.9530293 0.2100146 -0.7351081 -0.2853771 -0.5779882 0.04437593 -0.7503062 -0.0858594 -0.6539879 -0.4896705 0.5929694 0.4162252 0.485147 0 0 0 0 0 0 0 0 0 0 0 0 0 0 0 0 
3399 0.3011971 1.107567 -8.575363 0.5443437 0.6666297 -8.59118 0.544343650341034 0.666629672050476 -8.59117984771729 0.02008134 0.9962505 -8.792835 0.02141496 0.6010983 -8.775578 0.169497 0.5192094 -8.778706 39.6238 3.317451 -154.4987 -30.3071 3.989247 3.656909 -15.40675 5.524697 7.57898 0 18.24931 -158.4667 0 0 0 0 -0.9530287 -0.9530293 0.2122033 -0.7349659 -0.2888972 -0.5756161 0.04627259 -0.7503091 -0.08664894 -0.653749 -0.4925001 0.5921269 0.4154374 0.4839854 0 0 0 0 0 0 0 0 0 0 0 0 0 0 0 0 
3430 0.3058357 1.111804 -8.575375 0.5526124 0.6729045 -8.591648 0.552612364292145 0.672904491424561 -8.59164810180664 0.02008134 0.9962505 -8.792835 0.02141496 0.6010983 -8.775578 0.169497 0.5192094 -8.778706 40.37817 2.869297 -154.1306 -30.64136 4.227432 3.795555 -14.95384 5.265357 7.962234 0 18.24931 -158.4667 0 0 0 0 -0.9530287 -0.9530293 0.2154833 -0.7345645 -0.2948175 -0.571896 0.04802906 -0.7500253 -0.08695295 -0.6539075 -0.4935252 0.5915751 0.4149595 0.4840259 0 0 0 0 0 0 0 0 0 0 0 0 0 0 0 0 
3479 0.3122269 1.117849 -8.575321 0.5623567 0.6808848 -8.592439 0.562356650829315 0.680884838104248 -8.59243869781494 0.02008134 0.9962505 -8.792835 0.02141496 0.6010983 -8.775578 0.169497 0.5192094 -8.778706 41.44094 2.352261 -153.6321 -31.34818 4.695883 4.00499 -15.36647 5.538638 7.836184 0 18.24931 -158.4667 0 0 0 0 -0.9530287 -0.9530293 0.2202461 -0.7333274 -0.3029448 -0.5674043 0.04988588 -0.7490072 -0.08649006 -0.6549961 -0.4948811 0.5900435 0.4143806 0.4850061 0 0 0 0 0 0 0 0 0 0 0 0 0 0 0 0 
3506 0.3197243 1.125264 -8.575243 0.5709145 0.688924 -8.592758 0.570914506912231 0.688923954963684 -8.59275817871094 0.02008134 0.9962505 -8.792835 0.02141496 0.6010983 -8.775578 0.169497 0.5192094 -8.778706 42.66253 1.390396 -152.8728 -32.54364 5.016345 4.392075 -15.81379 5.604387 7.854893 0 18.24931 -158.4667 0 0 0 0 -0.9530287 -0.9530293 0.225033 -0.7331778 -0.3132853 -0.5600566 0.05078633 -0.7486101 -0.08483216 -0.6555974 -0.4955581 0.588557 0.4138423 0.4865781 0 0 0 0 0 0 0 0 0 0 0 0 0 0 0 0 
3537 0.3211937 1.126759 -8.575241 0.5635865 0.6855716 -8.595123 0.563586473464966 0.685571551322937 -8.59512329101563 0.02008134 0.9962505 -8.792835 0.02141496 0.6010983 -8.775578 0.169497 0.5192094 -8.778706 42.90646 1.215334 -152.7259 -33.95404 5.50605 4.825922 -16.01087 5.780464 7.598168 0 18.24931 -158.4667 0 0 0 0 -0.9530287 -0.9530293 0.2260258 -0.7330442 -0.3153007 -0.5586988 0.05102912 -0.7489101 -0.08387014 -0.6553596 -0.495507 0.5882804 0.4135053 0.4872507 0 0 0 0 0 0 0 0 0 0 0 0 0 0 0 0 
3565 0.3284424 1.134347 -8.575426 0.5790177 0.6977315 -8.594781 0.579017698764801 0.697731494903564 -8.59478092193604 0.02008134 0.9962505 -8.792835 0.02141496 0.6010983 -8.775578 0.169497 0.5192094 -8.778706 44.14379 0.4409065 -152.0403 -34.22983 5.557011 4.936113 -14.89317 5.213261 8.008164 0 18.24931 -158.4667 0 0 0 0 -0.9530287 -0.9530293 0.2313886 -0.7318137 -0.3250593 -0.5524898 0.05112675 -0.749109 -0.08364847 -0.655153 -0.4957758 0.5880717 0.4129962 0.4876606 0 0 0 0 0 0 0 0 0 0 0 0 0 0 0 0 
3596 0.3299538 1.135976 -8.575515 0.5723885 0.6948934 -8.597154 0.572388529777527 0.694893360137939 -8.59715366363525 0.02008134 0.9962505 -8.792835 0.02141496 0.6010983 -8.775578 0.169497 0.5192094 -8.778706 44.41048 0.3037014 -151.9094 -35.56265 5.85509 5.37289 -15.89024 5.681941 7.65542 0 18.24931 -158.4667 0 0 0 0 -0.9530287 -0.9530293 0.2326282 -0.7314156 -0.3270404 -0.5513263 0.0520284 -0.7494259 -0.0829233 -0.6548116 -0.4966515 0.587378 0.4129053 0.4876826 0 0 0 0 0 0 0 0 0 0 0 0 0 0 0 0 
3624 0.3370598 1.143871 -8.575459 0.5876862 0.7073485 -8.596204 0.587686240673065 0.707348465919495 -8.59620380401611 0.02008134 0.9962505 -8.792835 0.02141496 0.6010983 -8.775578 0.169497 0.5192094 -8.778706 45.64953 -0.4433441 -151.1687 -35.86401 5.945339 5.458618 -14.8047 5.242522 7.861209 0 18.24931 -158.4667 0 0 0 0 -0.9530287 -0.9530293 0.2378799 -0.7296389 -0.3369573 -0.5454361 0.05232773 -0.7492724 -0.08247527 -0.65502 -0.4969789 0.5866052 0.4129507 0.4882407 0 0 0 0 0 0 0 0 0 0 0 0 0 0 0 0 
3666 0.3427742 1.15052 -8.575196 0.5912102 0.7127649 -8.596318 0.591210246086121 0.712764859199524 -8.59631824493408 0.02008134 0.9962505 -8.792835 0.02141496 0.6010983 -8.775578 0.169497 0.5192094 -8.778706 46.6509 -1.09889 -150.4931 -37.28369 6.295709 5.82256 -15.91597 5.872182 7.353562 0 18.24931 -158.4667 0 0 0 0 -0.9530287 -0.9530293 0.2418893 -0.7280903 -0.3453132 -0.5404937 0.05265063 -0.7488847 -0.08159579 -0.6555476 -0.4971841 0.5847288 0.4126686 0.4905158 0 0 0 0 0 0 0 0 0 0 0 0 0 0 0 0 
3706 0.3481262 1.157014 -8.574586 0.5935128 0.7176166 -8.597219 0.593512773513794 0.717616558074951 -8.59721851348877 0.02008134 0.9962505 -8.792835 0.02141496 0.6010983 -8.775578 0.169497 0.5192094 -8.778706 47.54723 -1.974108 -149.664 -38.72516 6.656972 6.44184 -15.87529 5.997699 7.293176 0 18.24931 -158.4667 0 0 0 0 -0.9530287 -0.9530293 0.2447212 -0.7273675 -0.3539915 -0.5345452 0.05313238 -0.7483698 -0.07714535 -0.6566346 -0.4966681 0.5838286 0.4110896 0.493428 0 0 0 0 0 0 0 0 0 0 0 0 0 0 0 0 
3736 0.3494011 1.158596 -8.574513 0.586805 0.7150387 -8.600823 0.586805045604706 0.715038657188416 -8.60082340240479 0.02008134 0.9962505 -8.792835 0.02141496 0.6010983 -8.775578 0.169497 0.5192094 -8.778706 47.76299 -2.196447 -149.4643 -39.99658 7.08236 7.014905 -15.68428 6.061554 7.095953 0 18.24931 -158.4667 0 0 0 0 -0.9530287 -0.9530293 0.2454316 -0.727228 -0.3560573 -0.5330353 0.05339127 -0.7481389 -0.07435146 -0.6571986 -0.4962939 0.5826246 0.4098464 0.4962538 0 0 0 0 0 0 0 0 0 0 0 0 0 0 0 0 
3765 0.3546684 1.165295 -8.574327 0.5968575 0.7243404 -8.60077 0.59685754776001 0.724340438842773 -8.60076999664307 0.02008134 0.9962505 -8.792835 0.02141496 0.6010983 -8.775578 0.169497 0.5192094 -8.778706 48.68444 -3.032637 -148.6749 -40.45694 7.31776 7.265423 -14.81874 5.621432 7.242946 0 18.24931 -158.4667 0 0 0 0 -0.9530287 -0.9530293 0.2487574 -0.7261516 -0.3644392 -0.5272648 0.05377159 -0.7476431 -0.07151587 -0.6580461 -0.4962692 0.5813547 0.4086129 0.4987784 0 0 0 0 0 0 0 0 0 0 0 0 0 0 0 0 
3795 0.3568733 1.168198 -8.573849 0.5926087 0.7238747 -8.602167 0.592608690261841 0.723874688148499 -8.6021671295166 0.02008134 0.9962505 -8.792835 0.02141496 0.6010983 -8.775578 0.169497 0.5192094 -8.778706 49.03631 -3.499861 -148.2257 -41.75128 7.742971 7.741433 -15.56785 6.132054 6.797995 0 18.24931 -158.4667 0 0 0 0 -0.9530287 -0.9530293 0.2495102 -0.7259718 -0.3684688 -0.5243481 0.05400208 -0.7472321 -0.06883238 -0.6587798 -0.4964628 0.5792971 0.4075226 0.5018623 0 0 0 0 0 0 0 0 0 0 0 0 0 0 0 0 
3823 0.3600525 1.172463 -8.573407 0.5964471 0.7284887 -8.601708 0.596447050571442 0.728488683700562 -8.60170841217041 0.02008134 0.9962505 -8.792835 0.02141496 0.6010983 -8.775578 0.169497 0.5192094 -8.778706 49.52129 -4.343369 -147.5104 -42.31879 7.994413 8.057846 -14.77244 5.779871 6.992434 0 18.24931 -158.4667 0 0 0 0 -0.9530287 -0.9530293 0.2503453 -0.7263485 -0.374491 -0.5191361 0.05430811 -0.7469752 -0.06717698 -0.6592167 -0.4964551 0.5786626 0.4072779 0.5027997 0 0 0 0 0 0 0 0 0 0 0 0 0 0 0 0 
3854 0.3633378 1.176968 -8.573407 0.599772 0.7331254 -8.603391 0.599771976470947 0.733125448226929 -8.60339069366455 0.02008134 0.9962505 -8.792835 0.02141496 0.6010983 -8.775578 0.169497 0.5192094 -8.778706 50.09093 -4.998686 -146.9229 -43.02625 8.448542 8.374201 -14.90452 6.179309 6.690747 0 18.24931 -158.4667 0 0 0 0 -0.9530287 -0.9530293 0.2522568 -0.725846 -0.3800644 -0.5148453 0.05461106 -0.746853 -0.06646838 -0.659402 -0.4970737 0.5771009 0.4064048 0.5046861 0 0 0 0 0 0 0 0 0 0 0 0 0 0 0 0 
3884 0.3681 1.183745 -8.572892 0.6096017 0.7427837 -8.604932 0.609601676464081 0.742783665657043 -8.60493183135986 0.02008134 0.9962505 -8.792835 0.02141496 0.6010983 -8.775578 0.169497 0.5192094 -8.778706 50.86602 -6.130165 -145.8833 -43.3544 8.716482 8.976351 -14.82316 6.242135 7.006033 0 18.24931 -158.4667 0 0 0 0 -0.9530287 -0.9530293 0.2541423 -0.7254124 -0.3889298 -0.507861 0.05941312 -0.7472456 -0.06608279 -0.6585802 -0.5001721 0.5761435 0.4041186 0.5045546 0 0 0 0 0 0 0 0 0 0 0 0 0 0 0 0 
3914 0.369722 1.1861 -8.573064 0.6104981 0.7450446 -8.609021 0.610498130321503 0.745044589042664 -8.60902118682861 0.02008134 0.9962505 -8.792835 0.02141496 0.6010983 -8.775578 0.169497 0.5192094 -8.778706 51.14455 -6.52948 -145.5565 -43.82056 9.398567 9.310409 -15.04866 6.507836 6.900609 0 18.24931 -158.4667 0 0 0 0 -0.9530287 -0.9530293 0.2550629 -0.7253343 -0.391789 -0.5053068 0.06396128 -0.7466106 -0.06889003 -0.6585866 -0.5045713 0.5739588 0.4038797 0.5028531 0 0 0 0 0 0 0 0 0 0 0 0 0 0 0 0 
3941 0.3712273 1.188305 -8.573478 0.6184976 0.7509674 -8.61075 0.618497550487518 0.750967383384705 -8.61075019836426 0.02008134 0.9962505 -8.792835 0.02141496 0.6010983 -8.775578 0.169497 0.5192094 -8.778706 51.44469 -6.781799 -145.3447 -43.33282 9.761436 9.221043 -14.20317 5.958269 7.606172 0 18.24931 -158.4667 0 0 0 0 -0.9530287 -0.9530293 0.2565044 -0.7248385 -0.3940684 -0.503513 0.06932072 -0.7462048 -0.07421119 -0.6579258 -0.5105261 0.5718138 0.4049319 0.4984206 0 0 0 0 0 0 0 0 0 0 0 0 0 0 0 0 
3978 0.374173 1.19272 -8.574029 0.6290299 0.7597278 -8.610936 0.629029929637909 0.759727835655212 -8.61093616485596 0.02008134 0.9962505 -8.792835 0.02141496 0.6010983 -8.775578 0.169497 0.5192094 -8.778706 52.0006 -7.388433 -144.8272 -42.99655 9.803226 9.193193 -14.47889 5.814894 8.036136 0 18.24931 -158.4667 0 0 0 0 -0.9530287 -0.9530293 0.2588099 -0.7241288 -0.3989545 -0.4994904 0.07306623 -0.7466282 -0.07879202 -0.6565061 -0.514932 0.5710868 0.4056541 0.4941159 0 0 0 0 0 0 0 0 0 0 0 0 0 0 0 0 
4016 0.3769494 1.197015 -8.574021 0.6395272 0.7685403 -8.609499 0.639527201652527 0.768540263175964 -8.60949897766113 0.02008134 0.9962505 -8.792835 0.02141496 0.6010983 -8.775578 0.169497 0.5192094 -8.778706 52.40337 -8.370724 -144.0333 -42.59882 10.01744 9.165444 -14.56803 6.168397 8.339853 0 18.24931 -158.4667 0 0 0 0 -0.9530287 -0.9530293 0.259325 -0.724726 -0.4047513 -0.4936595 0.07901581 -0.747033 -0.08611304 -0.6544337 -0.5219958 0.569709 0.4066549 0.4874267 0 0 0 0 0 0 0 0 0 0 0 0 0 0 0 0 
4047 0.3798074 1.201549 -8.574124 0.6559426 0.7817127 -8.609951 0.655942618846893 0.781712651252747 -8.60995101928711 0.02008134 0.9962505 -8.792835 0.02141496 0.6010983 -8.775578 0.169497 0.5192094 -8.778706 52.82378 -9.381777 -143.211 -41.48022 10.86411 8.909537 -13.65538 6.873961 9.007352 0 18.24931 -158.4667 0 0 0 0 -0.9530287 -0.9530293 0.2599805 -0.7251972 -0.4107101 -0.4876648 0.08929173 -0.7458616 -0.09789705 -0.6527896 -0.5360903 0.5651588 0.4095764 0.4748165 0 0 0 0 0 0 0 0 0 0 0 0 0 0 0 0 
4090 0.3824799 1.20593 -8.573674 0.6683213 0.7926197 -8.609258 0.668321311473846 0.792619705200195 -8.60925769805908 0.02008134 0.9962505 -8.792835 0.02141496 0.6010983 -8.775578 0.169497 0.5192094 -8.778706 53.15105 -10.4677 -142.2776 -40.77786 11.36699 8.91566 -14.67921 7.050694 9.50122 0 18.24931 -158.4667 0 0 0 0 -0.9530287 -0.9530293 0.2597027 -0.7258402 -0.4169549 -0.4815182 0.096853 -0.7460419 -0.1072069 -0.6500372 -0.5424793 0.5640648 0.4100181 0.468437 0 0 0 0 0 0 0 0 0 0 0 0 0 0 0 0 
4131 0.3856263 1.211216 -8.573655 0.6831613 0.8064204 -8.611203 0.68316125869751 0.8064204454422 -8.61120319366455 0.02008134 0.9962505 -8.792835 0.02141496 0.6010983 -8.775578 0.169497 0.5192094 -8.778706 53.70263 -11.26504 -141.4934 -39.94308 12.10614 8.871609 -14.79051 7.507186 9.983419 0 18.24931 -158.4667 0 0 0 0 -0.9530287 -0.9530293 0.2614051 -0.7247685 -0.4231156 -0.4768142 0.1052953 -0.745169 -0.1169847 -0.6480365 -0.5517367 0.5614557 0.411102 0.4597284 0 0 0 0 0 0 0 0 0 0 0 0 0 0 0 0 
4157 0.3861886 1.212175 -8.573745 0.6908555 0.8128538 -8.612702 0.690855503082275 0.812853813171387 -8.61270236968994 0.02008134 0.9962505 -8.792835 0.02141496 0.6010983 -8.775578 0.169497 0.5192094 -8.778706 53.80685 -11.40855 -141.3617 -39.09372 12.56608 8.711966 -15.00901 7.463892 10.82296 0 18.24931 -158.4667 0 0 0 0 -0.9530287 -0.9530293 0.2617962 -0.7245833 -0.4241711 -0.4759424 0.1142954 -0.7440295 -0.1281237 -0.6457103 -0.5617725 0.5582961 0.413091 0.4495262 0 0 0 0 0 0 0 0 0 0 0 0 0 0 0 0 
4192 0.3889489 1.216974 -8.573953 0.7030495 0.8248949 -8.611516 0.703049540519714 0.824894905090332 -8.61151599884033 0.02008134 0.9962505 -8.792835 0.02141496 0.6010983 -8.775578 0.169497 0.5192094 -8.778706 54.25918 -12.28834 -140.5762 -38.41803 12.63634 8.571094 -15.32868 7.288051 11.39374 0 18.24931 -158.4667 0 0 0 0 -0.9530287 -0.9530293 0.2629928 -0.7241393 -0.4298813 -0.4708075 0.1185518 -0.7436757 -0.1338404 -0.6441889 -0.5666688 0.5571109 0.413981 0.4439985 0 0 0 0 0 0 0 0 0 0 0 0 0 0 0 0 
4226 0.3913003 1.221186 -8.573991 0.7124085 0.8348371 -8.611689 0.712408542633057 0.834837079048157 -8.6116886138916 0.02008134 0.9962505 -8.792835 0.02141496 0.6010983 -8.775578 0.169497 0.5192094 -8.778706 54.69231 -12.88153 -139.9668 -38.04712 13.1606 8.425696 -15.41893 7.857443 11.71779 0 18.24931 -158.4667 0 0 0 0 -0.9530287 -0.9530293 0.2644565 -0.7230228 -0.4345748 -0.4673823 0.1242086 -0.7426972 -0.1415557 -0.6426008 -0.5749256 0.5551121 0.4158853 0.4339946 0 0 0 0 0 0 0 0 0 0 0 0 0 0 0 0 
4263 0.3918191 1.222128 -8.574044 0.7196328 0.841521 -8.612433 0.719632804393768 0.841521024703979 -8.61243343353271 0.02008134 0.9962505 -8.792835 0.02141496 0.6010983 -8.775578 0.169497 0.5192094 -8.778706 54.82925 -12.89358 -139.9062 -37.1684 13.12575 8.330062 -15.49131 7.68687 12.5804 0 18.24931 -158.4667 0 0 0 0 -0.9530287 -0.9530293 0.2652197 -0.7223501 -0.4353523 -0.4672663 0.1309366 -0.7428091 -0.1527053 -0.6385704 -0.5809084 0.5546883 0.4173131 0.4251081 0 0 0 0 0 0 0 0 0 0 0 0 0 0 0 0 
4294 0.3937142 1.225653 -8.573499 0.7276475 0.8502712 -8.610569 0.727647483348846 0.850271224975586 -8.61056900024414 0.02008134 0.9962505 -8.792835 0.02141496 0.6010983 -8.775578 0.169497 0.5192094 -8.778706 55.15847 -13.36276 -139.34 -36.72675 12.9354 8.313131 -16.09934 7.71696 12.82657 0 18.24931 -158.4667 0 0 0 0 -0.9530287 -0.9530293 0.2659787 -0.7211499 -0.4395123 -0.4647878 0.1336171 -0.7430454 -0.1568486 -0.6367334 -0.5837822 0.5548674 0.4173597 0.4208709 0 0 0 0 0 0 0 0 0 0 0 0 0 0 0 0 
4334 0.3949212 1.22795 -8.572968 0.7347214 0.8579272 -8.610593 0.734721422195435 0.857927203178406 -8.61059284210205 0.02008134 0.9962505 -8.792835 0.02141496 0.6010983 -8.775578 0.169497 0.5192094 -8.778706 55.3753 -13.61913 -138.9784 -36.18805 13.36377 8.229357 -16.07215 8.442897 12.92236 0 18.24931 -158.4667 0 0 0 0 -0.9530287 -0.9530293 0.2664655 -0.7201403 -0.4422061 -0.4635175 0.1400686 -0.7409838 -0.1633422 -0.6361161 -0.5905669 0.5519332 0.4180214 0.4145594 0 0 0 0 0 0 0 0 0 0 0 0 0 0 0 0 
4364 0.3967629 1.231574 -8.571358 0.7414529 0.8660144 -8.608125 0.741452872753143 0.866014361381531 -8.60812473297119 0.02008134 0.9962505 -8.792835 0.02141496 0.6010983 -8.775578 0.169497 0.5192094 -8.778706 55.6806 -13.9747 -138.3443 -35.94119 13.40835 8.329132 -16.35752 8.55321 13.32976 0 18.24931 -158.4667 0 0 0 0 -0.9530287 -0.9530293 0.26666 -0.7181827 -0.4467647 -0.4620692 0.1433645 -0.7405025 -0.1668616 -0.6350281 -0.5952415 0.5494351 0.4183547 0.4108393 0 0 0 0 0 0 0 0 0 0 0 0 0 0 0 0 
4395 0.3976158 1.233274 -8.570786 0.7432763 0.8689141 -8.610257 0.743276298046112 0.868914127349854 -8.61025714874268 0.02008134 0.9962505 -8.792835 0.02141496 0.6010983 -8.775578 0.169497 0.5192094 -8.778706 55.83785 -14.12955 -138.0755 -35.9733 13.51158 8.721771 -16.85987 9.100286 13.37185 0 18.24931 -158.4667 0 0 0 0 -0.9530287 -0.9530293 0.2669604 -0.7172567 -0.4487622 -0.461398 0.1471002 -0.7396039 -0.1686111 -0.6347589 -0.5985834 0.547403 0.4170094 0.4100633 0 0 0 0 0 0 0 0 0 0 0 0 0 0 0 0 
4423 0.3993348 1.236733 -8.569983 0.7486497 0.8758646 -8.609357 0.748649656772614 0.875864624977112 -8.60935688018799 0.02008134 0.9962505 -8.792835 0.02141496 0.6010983 -8.775578 0.169497 0.5192094 -8.778706 56.13357 -14.5716 -137.4921 -35.89731 13.74754 8.795432 -16.86814 8.917092 13.44263 0 18.24931 -158.4667 0 0 0 0 -0.9530287 -0.9530293 0.2674636 -0.7158763 -0.4528639 -0.4592377 0.1499647 -0.7383276 -0.1697251 -0.6352773 -0.6003312 0.54618 0.4167388 0.4094135 0 0 0 0 0 0 0 0 0 0 0 0 0 0 0 0 
4459 0.4010193 1.240176 -8.569527 0.7548967 0.8838156 -8.609212 0.754896700382233 0.88381564617157 -8.60921192169189 0.02008134 0.9962505 -8.792835 0.02141496 0.6010983 -8.775578 0.169497 0.5192094 -8.778706 56.40408 -15.12636 -136.8792 -35.61725 13.79339 8.928451 -16.96668 9.054609 13.7463 0 18.24931 -158.4667 0 0 0 0 -0.9530287 -0.9530293 0.2678774 -0.7149504 -0.4569606 -0.456372 0.1538654 -0.7378271 -0.1748401 -0.6335362 -0.6038058 0.544772 0.4169521 0.4059478 0 0 0 0 0 0 0 0 0 0 0 0 0 0 0 0 
4491 0.4018616 1.241925 -8.569322 0.7578012 0.8877113 -8.60978 0.757801175117493 0.8877112865448 -8.60978031158447 0.02008134 0.9962505 -8.792835 0.02141496 0.6010983 -8.775578 0.169497 0.5192094 -8.778706 56.56023 -15.3549 -136.6023 -35.51123 13.86058 9.041741 -17.01567 9.214845 13.91783 0 18.24931 -158.4667 0 0 0 0 -0.9530287 -0.9530293 0.2682909 -0.7142904 -0.4589092 -0.4552055 0.156402 -0.7378031 -0.1791683 -0.6317314 -0.6077951 0.5436275 0.4180808 0.4003293 0 0 0 0 0 0 0 0 0 0 0 0 0 0 0 0 
4526 0.4038842 1.246208 -8.568842 0.7642267 0.8963702 -8.608385 0.764226675033569 0.89637017250061 -8.60838508605957 0.02008134 0.9962505 -8.792835 0.02141496 0.6010983 -8.775578 0.169497 0.5192094 -8.778706 56.92321 -15.95716 -135.898 -35.38965 13.87925 9.065439 -17.0496 9.209428 14.04509 0 18.24931 -158.4667 0 0 0 0 -0.9530287 -0.9530293 -0.2691618 0.7127992 0.4637255 0.4521377 0.1580957 -0.7375911 -0.1818145 -0.6308005 -0.6097847 0.5429452 0.4184031 0.3978854 0 0 0 0 0 0 0 0 0 0 0 0 0 0 0 0 
4559 0.4064408 1.251813 -8.568128 0.76989 0.9051664 -8.607345 0.769889950752258 0.905166387557983 -8.60734462738037 0.02008134 0.9962505 -8.792835 0.02141496 0.6010983 -8.775578 0.169497 0.5192094 -8.778706 57.40804 -16.67384 -135.0044 -35.66504 14.05593 9.22829 -17.34828 9.63443 14.00969 0 18.24931 -158.4667 0 0 0 0 -0.9530287 -0.9530293 -0.2704387 0.7105244 0.4698717 0.4485969 0.1598324 -0.7371618 -0.1839456 -0.6302467 -0.612592 0.5417034 0.4186072 0.3950408 0 0 0 0 0 0 0 0 0 0 0 0 0 0 0 0 
4593 0.4077424 1.254743 -8.567832 0.7739602 0.9112296 -8.60882 0.77396023273468 0.911229610443115 -8.60881996154785 0.02008134 0.9962505 -8.792835 0.02141496 0.6010983 -8.775578 0.169497 0.5192094 -8.778706 57.68652 -16.98729 -134.5824 -35.56339 14.08658 9.488031 -17.31928 9.859105 14.38076 0 18.24931 -158.4667 0 0 0 0 -0.9530287 -0.9530293 -0.2713904 0.709118 0.4728888 0.4470745 0.1643669 -0.7368636 -0.1896086 -0.627746 -0.6167117 0.5405504 0.4183441 0.3904628 0 0 0 0 0 0 0 0 0 0 0 0 0 0 0 0 
4625 0.4101838 1.260408 -8.567219 0.7798646 0.9206529 -8.608445 0.779864609241486 0.920652866363525 -8.6084451675415 0.02008134 0.9962505 -8.792835 0.02141496 0.6010983 -8.775578 0.169497 0.5192094 -8.778706 58.33721 -17.29096 -133.9508 -35.78748 14.07301 9.629862 -17.65788 9.7739 14.35707 0 18.24931 -158.4667 0 0 0 0 -0.9530287 -0.9530293 -0.2742762 0.7053236 0.4780655 0.4458085 0.1652672 -0.7367874 -0.1907957 -0.627239 -0.6177369 0.5402166 0.4183517 0.3892939 0 0 0 0 0 0 0 0 0 0 0 0 0 0 0 0 
4662 0.4113671 1.263285 -8.566464 0.785177 0.9280758 -8.607676 0.785176992416382 0.928075790405273 -8.60767555236816 0.02008134 0.9962505 -8.792835 0.02141496 0.6010983 -8.775578 0.169497 0.5192094 -8.778706 58.55627 -17.64253 -133.4521 -35.41266 13.80355 9.796226 -17.54972 9.829804 14.95965 0 18.24931 -158.4667 0 0 0 0 -0.9530287 -0.9530293 -0.2745999 0.7039481 0.4813192 0.4442796 0.1713809 -0.7359066 -0.1982269 -0.6243212 -0.622687 0.5388059 0.4183865 0.3832791 0 0 0 0 0 0 0 0 0 0 0 0 0 0 0 0 
4698 0.4154061 1.273459 -8.564939 0.7951295 0.9447731 -8.6046 0.795129537582397 0.944773077964783 -8.60459995269775 0.02008134 0.9962505 -8.792835 0.02141496 0.6010983 -8.775578 0.169497 0.5192094 -8.778706 59.43813 -18.77265 -131.8837 -35.78815 13.80561 10.02945 -17.78709 10.35842 14.73362 0 18.24931 -158.4667 0 0 0 0 -0.9530287 -0.9530293 -0.2772245 0.69882 0.4918202 0.439216 0.1713809 -0.7359066 -0.1982269 -0.6243212 -0.6260529 0.5368806 0.4183853 0.3804887 0 0 0 0 0 0 0 0 0 0 0 0 0 0 0 0 
4736 0.4173585 1.278679 -8.564063 0.8013734 0.9552506 -8.605577 0.801373422145844 0.95525062084198 -8.60557746887207 0.02008134 0.9962505 -8.792835 0.02141496 0.6010983 -8.775578 0.169497 0.5192094 -8.778706 59.90493 -19.28229 -131.1087 -35.72379 14.06725 10.31043 -17.67402 11.0841 14.95255 0 18.24931 -158.4667 0 0 0 0 -0.9530287 -0.9530293 -0.2787308 0.6958603 0.4970276 0.4370946 0.179581 -0.7333943 -0.2072696 -0.6220318 -0.6332898 0.5324944 0.4194135 0.3734795 0 0 0 0 0 0 0 0 0 0 0 0 0 0 0 0 
4764 0.4186226 1.282145 -8.563703 0.8054437 0.9622483 -8.606511 0.805443704128265 0.9622483253479 -8.60651111602783 0.02008134 0.9962505 -8.792835 0.02141496 0.6010983 -8.775578 0.169497 0.5192094 -8.778706 60.20531 -19.67306 -130.5835 -35.6423 14.04971 10.5465 -17.7143 11.13694 15.45758 0 18.24931 -158.4667 0 0 0 0 -0.9530287 -0.9530293 -0.27975 0.6940871 0.5004424 0.4353628 0.1840123 -0.7324523 -0.2119409 -0.6202701 -0.6390102 0.5298743 0.4190164 0.3678658 0 0 0 0 0 0 0 0 0 0 0 0 0 0 0 0 
4792 0.4202569 1.286749 -8.563371 0.8107935 0.9713959 -8.606162 0.810793459415436 0.97139585018158 -8.60616207122803 0.02008134 0.9962505 -8.792835 0.02141496 0.6010983 -8.775578 0.169497 0.5192094 -8.778706 60.57394 -20.2739 -129.8454 -35.5723 14.06327 10.6474 -17.91953 11.17034 15.47686 0 18.24931 -158.4667 0 0 0 0 -0.9530287 -0.9530293 -0.2809306 0.6919968 0.5050344 0.4326189 0.1867978 -0.7318609 -0.2154121 -0.6189383 -0.6409861 0.5290638 0.4191982 0.3653791 0 0 0 0 0 0 0 0 0 0 0 0 0 0 0 0 
4837 0.4229668 1.29476 -8.562856 0.817727 0.9846143 -8.604944 0.817727029323578 0.984614253044128 -8.60494422912598 0.02008134 0.9962505 -8.792835 0.02141496 0.6010983 -8.775578 0.169497 0.5192094 -8.778706 61.14941 -21.44172 -128.4766 -35.83295 14.02302 10.87533 -18.28919 11.3996 15.46078 0 18.24931 -158.4667 0 0 0 0 -0.9530287 -0.9530293 -0.2825544 0.6886688 0.513159 0.4272783 0.1882918 -0.7319473 -0.2178617 -0.6175243 -0.6428719 0.5284887 0.4192586 0.3628204 0 0 0 0 0 0 0 0 0 0 0 0 0 0 0 0 
4865 0.4236359 1.296785 -8.562942 0.8184366 0.9869822 -8.607126 0.818436563014984 0.986982226371765 -8.60712623596191 0.02008134 0.9962505 -8.792835 0.02141496 0.6010983 -8.775578 0.169497 0.5192094 -8.778706 61.30563 -21.74261 -128.1494 -36.03256 14.06624 11.19065 -18.53062 11.90944 15.3862 0 18.24931 -158.4667 0 0 0 0 -0.9530287 -0.9530293 -0.2831542 0.6878675 0.5150876 0.4258492 0.1920458 -0.731707 -0.2239126 -0.6144811 -0.6461672 0.5272247 0.4193442 0.3586827 0 0 0 0 0 0 0 0 0 0 0 0 0 0 0 0 
4892 0.4242783 1.298734 -8.563213 0.8195215 0.9895288 -8.607629 0.819521486759186 0.989528775215149 -8.60762882232666 0.02008134 0.9962505 -8.792835 0.02141496 0.6010983 -8.775578 0.169497 0.5192094 -8.778706 61.46874 -22.03403 -127.8542 -36.20276 14.07859 11.25541 -18.16569 11.61191 15.67344 0 18.24931 -158.4667 0 0 0 0 -0.9530287 -0.9530293 -0.2839138 0.687131 0.516836 0.4244115 0.1923552 -0.7317815 -0.224738 -0.6139941 -0.6482105 0.5268676 0.4200632 0.3546566 0 0 0 0 0 0 0 0 0 0 0 0 0 0 0 0 
4923 0.4253953 1.302167 -8.563863 0.8226632 0.9956107 -8.608565 0.822663247585297 0.99561071395874 -8.60856533050537 0.02008134 0.9962505 -8.792835 0.02141496 0.6010983 -8.775578 0.169497 0.5192094 -8.778706 61.72417 -22.63569 -127.2912 -36.20035 13.78157 11.40516 -18.179 11.56409 15.7512 0 18.24931 -158.4667 0 0 0 0 -0.9530287 -0.9530293 -0.2850726 0.6861309 0.5199982 0.4213791 0.1924617 -0.7330381 -0.2271043 -0.6115863 -0.6484936 0.527361 0.4201115 0.3533461 0 0 0 0 0 0 0 0 0 0 0 0 0 0 0 0 
4954 0.4256859 1.303036 -8.564308 0.821705 0.9950088 -8.609974 0.821704983711243 0.995008826255798 -8.6099739074707 0.02008134 0.9962505 -8.792835 0.02141496 0.6010983 -8.775578 0.169497 0.5192094 -8.778706 61.8066 -22.79513 -127.1753 -36.53998 13.87356 11.53293 -18.45823 11.91611 15.50904 0 18.24931 -158.4667 0 0 0 0 -0.9530287 -0.9530293 -0.2856187 0.6859513 0.5206553 0.4204896 0.1931153 -0.7334523 -0.227825 -0.6106149 -0.6495226 0.5282364 0.4191473 0.3512879 0 0 0 0 0 0 0 0 0 0 0 0 0 0 0 0 
4985 0.4260727 1.3042 -8.564928 0.8226877 0.9970336 -8.611216 0.822687685489655 0.997033596038818 -8.61121559143066 0.02008134 0.9962505 -8.792835 0.02141496 0.6010983 -8.775578 0.169497 0.5192094 -8.778706 61.93642 -22.97394 -127.0463 -36.57901 13.90667 11.53989 -18.22349 11.72759 15.63462 0 18.24931 -158.4667 0 0 0 0 -0.9530287 -0.9530293 -0.2865172 0.6855978 0.5214437 0.4194765 0.1936553 -0.7335922 -0.228245 -0.6101188 -0.6497489 0.528302 0.4190681 0.350865 0 0 0 0 0 0 0 0 0 0 0 0 0 0 0 0 
5015 0.42641 1.305271 -8.565185 0.8232759 0.9985622 -8.612352 0.823275864124298 0.998562216758728 -8.61235237121582 0.02008134 0.9962505 -8.792835 0.02141496 0.6010983 -8.775578 0.169497 0.5192094 -8.778706 62.07162 -23.05616 -126.9479 -36.6181 13.68973 11.69738 -18.27052 11.62617 15.79797 0 18.24931 -158.4667 0 0 0 0 -0.9530287 -0.9530293 -0.2873553 0.6849446 0.5221592 0.4190803 0.1939346 -0.7348274 -0.2289052 -0.6082935 -0.6502644 0.5291019 0.4187777 0.3490465 0 0 0 0 0 0 0 0 0 0 0 0 0 0 0 0 
5042 0.4269318 1.306965 -8.565446 0.8240228 1.000685 -8.613496 0.824022829532623 1.00068485736847 -8.61349582672119 0.02008134 0.9962505 -8.792835 0.02141496 0.6010983 -8.775578 0.169497 0.5192094 -8.778706 62.27996 -23.17498 -126.7836 -36.77994 13.6225 11.82169 -18.39646 11.69836 15.65772 0 18.24931 -158.4667 0 0 0 0 -0.9530287 -0.9530293 -0.2885847 0.6838427 0.5233403 0.4185612 0.1942832 -0.7351811 -0.228253 -0.608 -0.6503881 0.5294981 0.4179809 0.3491704 0 0 0 0 0 0 0 0 0 0 0 0 0 0 0 0 
5072 0.4271554 1.307695 -8.565591 0.8231142 1.000068 -8.614377 0.823114156723022 1.00006818771362 -8.61437702178955 0.02008134 0.9962505 -8.792835 0.02141496 0.6010983 -8.775578 0.169497 0.5192094 -8.778706 62.3482 -23.27423 -126.6832 -37.0762 13.66576 11.95833 -18.57685 11.83085 15.56808 0 18.24931 -158.4667 0 0 0 0 -0.9530287 -0.9530293 -0.2889535 0.6835264 0.5239366 0.4180772 0.1951001 -0.7350577 -0.2267767 -0.6084401 -0.6509732 0.5291963 0.4164328 0.3503851 0 0 0 0 0 0 0 0 0 0 0 0 0 0 0 0 
5104 0.4273461 1.308202 -8.566523 0.8229395 1.000381 -8.617013 0.822939455509186 1.00038051605225 -8.6170129776001 0.02008134 0.9962505 -8.792835 0.02141496 0.6010983 -8.775578 0.169497 0.5192094 -8.778706 62.44012 -23.38601 -126.6789 -37.1554 13.58963 12.09959 -18.40724 11.71495 15.69584 0 18.24931 -158.4667 0 0 0 0 -0.9530287 -0.9530293 -0.2898795 0.6836051 0.5239798 0.4172524 0.195403 -0.7355953 -0.2264517 -0.6078137 -0.651287 0.5293303 0.4158736 0.3502638 0 0 0 0 0 0 0 0 0 0 0 0 0 0 0 0 
5134 0.4274132 1.308398 -8.566746 0.82362 1.001299 -8.616826 0.823619961738586 1.00129890441895 -8.61682605743408 0.02008134 0.9962505 -8.792835 0.02141496 0.6010983 -8.775578 0.169497 0.5192094 -8.778706 62.49297 -23.37261 -126.7005 -37.09467 13.60138 11.98693 -18.14213 11.49184 15.87183 0 18.24931 -158.4667 0 0 0 0 -0.9530287 -0.9530293 -0.2903249 0.683427 0.5239483 0.4172741 0.1959635 -0.7357789 -0.2276059 -0.6069794 -0.652409 0.5298572 0.4160665 0.347136 0 0 0 0 0 0 0 0 0 0 0 0 0 0 0 0 
5161 0.4275407 1.308854 -8.566586 0.8249757 1.003271 -8.616205 0.824975728988647 1.00327134132385 -8.6162052154541 0.02008134 0.9962505 -8.792835 0.02141496 0.6010983 -8.775578 0.169497 0.5192094 -8.778706 62.5332 -23.39995 -126.6334 -36.93546 13.58193 11.91791 -18.14713 11.59425 15.90662 0 18.24931 -158.4667 0 0 0 0 -0.9530287 -0.9530293 -0.290444 0.6830699 0.5243804 0.4172333 0.1968871 -0.7355725 -0.2289381 -0.6064294 -0.6531104 0.5293826 0.4160766 0.3465284 0 0 0 0 0 0 0 0 0 0 0 0 0 0 0 0 
5192 0.4277764 1.309725 -8.566148 0.8258897 1.005045 -8.615877 0.825889706611633 1.00504469871521 -8.61587715148926 0.02008134 0.9962505 -8.792835 0.02141496 0.6010983 -8.775578 0.169497 0.5192094 -8.778706 62.596 -23.45893 -126.4845 -36.9108 13.56042 11.99279 -18.33036 11.80329 15.85159 0 18.24931 -158.4667 0 0 0 0 -0.9530287 -0.9530293 -0.2905066 0.6823797 0.5252976 0.4171652 0.1975784 -0.7355441 -0.2291334 -0.6061653 -0.6537737 0.5289208 0.4156211 0.3465296 0 0 0 0 0 0 0 0 0 0 0 0 0 0 0 0 
5223 0.427826 1.309822 -8.566634 0.8253465 1.004661 -8.61812 0.825346529483795 1.00466132164001 -8.61812019348145 0.02008134 0.9962505 -8.792835 0.02141496 0.6010983 -8.775578 0.169497 0.5192094 -8.778706 62.63137 -23.4936 -126.5096 -37.00369 13.65774 12.12879 -18.50498 11.94507 15.80227 0 18.24931 -158.4667 0 0 0 0 -0.9530287 -0.9530293 -0.2909419 0.6824964 0.525163 0.4168403 0.1987094 -0.7350661 -0.2282865 -0.6066946 -0.654277 0.5285435 0.4147568 0.3471903 0 0 0 0 0 0 0 0 0 0 0 0 0 0 0 0 
