Time(ms) RK.x RK.y RK.z RA.x RA.y RA.z RT.x RT.y RT.z LK.x LK.y LK.z LA.x LA.y LA.z LT.x LT.y LT.z RHAngle.x RHAngle.y RHAngle.z RKAngle.x RKAngle.y RKAngle.z RAAngle.x RAAngle.y RAAngle.z LHAngle.x LHAngle.y LHAngle.z LKAngle.x LKAngle.y LKAngle.z LAAngle.x LAAngle.y LAAngle.z RHQuat.w RHQuat.x RHQuat.y RHQuat.z RKQuat.w RKQuat.x RKQuat.y RKQuat.z RAQuat.w RAQuat.x RAQuat.y RAQuat.z LHQuat.w LHQuat.x LHQuat.y LHQuat.z LKQuat.w LKQuat.x LKQuat.y LKQuat.z LAQuat.w LAQuat.x LAQuat.y LAQuat.z HQuat.w HQuat.x HQuat.y HQuat.z 
39 -0.07055819 1.003257 -8.568089 -0.1604767 0.5075724 -8.570565 -0.160476714372635 0.507572412490845 -8.57056522369385 0.02008134 0.9962505 -8.792835 0.02141496 0.6010983 -8.775578 0.169497 0.5192094 -8.778706 -12.00192 17.08017 -159.9995 -17.64047 4.14535 0.7064761 -9.035533 3.817473 -12.11979 0 18.24931 -158.4667 0 0 0 0 -0.9530287 -0.9530293 -0.07778803 -0.713532 0.05305104 -0.6942675 -0.1798613 -0.6666072 0.1640649 -0.7045341 0.165649 -0.5820407 -0.3868378 -0.6958063 0 0 0 0 0 0 0 0 0 0 0 0 0 0 0 0 
146 -0.07055819 1.003257 -8.568089 -0.1605667 0.5075889 -8.570579 -0.160566747188568 0.507588863372803 -8.57057857513428 0.02008134 0.9962505 -8.792835 0.02141496 0.6010983 -8.775578 0.169497 0.5192094 -8.778706 -12.00177 17.08805 -159.9955 -17.65128 4.144897 0.7076666 -9.028728 3.816219 -12.11952 0 18.24931 -158.4667 0 0 0 0 -0.9530287 -0.9530293 -0.07779124 -0.7134908 0.05304642 -0.6943098 -0.1799172 -0.6665906 0.1641379 -0.7045186 0.1656801 -0.582032 -0.3868749 -0.6957856 0 0 0 0 0 0 0 0 0 0 0 0 0 0 0 0 
188 -0.07055819 1.003257 -8.568089 -0.160643 0.5076027 -8.570599 -0.160643041133881 0.507602691650391 -8.57059860229492 0.02008134 0.9962505 -8.792835 0.02141496 0.6010983 -8.775578 0.169497 0.5192094 -8.778706 -12.00177 17.08805 -159.9955 -17.65967 4.132216 0.7094784 -9.017711 3.812495 -12.1136 0 18.24931 -158.4667 0 0 0 0 -0.9530287 -0.9530293 -0.07779124 -0.7134908 0.05304642 -0.6943098 -0.1799585 -0.6666112 0.1641987 -0.7044744 0.1656801 -0.582032 -0.3868749 -0.6957856 0 0 0 0 0 0 0 0 0 0 0 0 0 0 0 0 
223 -0.07055819 1.003257 -8.568089 -0.1606858 0.5076106 -8.570615 -0.160685762763023 0.507610559463501 -8.5706148147583 0.02008134 0.9962505 -8.792835 0.02141496 0.6010983 -8.775578 0.169497 0.5192094 -8.778706 -12.00177 17.08805 -159.9955 -17.66461 4.131133 0.7112538 -9.009471 3.818319 -12.12541 0 18.24931 -158.4667 0 0 0 0 -0.9530287 -0.9530293 -0.07779124 -0.7134908 0.05304642 -0.6943098 -0.1799772 -0.6666072 0.1642392 -0.7044639 0.1656801 -0.582032 -0.3868749 -0.6957856 0 0 0 0 0 0 0 0 0 0 0 0 0 0 0 0 
253 -0.07055819 1.003257 -8.568089 -0.1607804 0.5076278 -8.570626 -0.160780370235443 0.507627844810486 -8.5706262588501 0.02008134 0.9962505 -8.792835 0.02141496 0.6010983 -8.775578 0.169497 0.5192094 -8.778706 -12.00177 17.08805 -159.9955 -17.67566 4.130968 0.7120702 -9.004375 3.817581 -12.12654 0 18.24931 -158.4667 0 0 0 0 -0.9530287 -0.9530293 -0.07779124 -0.7134908 0.05304642 -0.6943098 -0.1800366 -0.6665889 0.1643116 -0.7044492 0.1656801 -0.582032 -0.3868749 -0.6957856 0 0 0 0 0 0 0 0 0 0 0 0 0 0 0 0 
286 -0.07055819 1.003257 -8.568089 -0.1608094 0.5076331 -8.570624 -0.160809352993965 0.507633090019226 -8.57062435150146 0.02008134 0.9962505 -8.792835 0.02141496 0.6010983 -8.775578 0.169497 0.5192094 -8.778706 -12.00177 17.08805 -159.9955 -17.67902 4.131361 0.7116467 -8.993297 3.817774 -12.1266 0 18.24931 -158.4667 0 0 0 0 -0.9530287 -0.9530293 -0.07779124 -0.7134908 0.05304642 -0.6943098 -0.1800586 -0.6665815 0.1643298 -0.7044462 0.1656801 -0.582032 -0.3868749 -0.6957856 0 0 0 0 0 0 0 0 0 0 0 0 0 0 0 0 
320 -0.07055819 1.003257 -8.568089 -0.1608437 0.5076391 -8.570625 -0.160843685269356 0.507639050483704 -8.57062530517578 0.02008134 0.9962505 -8.792835 0.02141496 0.6010983 -8.775578 0.169497 0.5192094 -8.778706 -12.00161 17.09525 -159.9919 -17.68326 4.131593 0.711522 -8.98997 3.818247 -12.12611 0 18.24931 -158.4667 0 0 0 0 -0.9530287 -0.9530293 -0.07779401 -0.7134534 0.05304223 -0.6943483 -0.1800839 -0.6665732 0.1643551 -0.7044417 0.1656801 -0.582032 -0.3868749 -0.6957856 0 0 0 0 0 0 0 0 0 0 0 0 0 0 0 0 
352 -0.07055819 1.003257 -8.568089 -0.160846 0.5076394 -8.570625 -0.16084598004818 0.507639408111572 -8.57062530517578 0.02008134 0.9962505 -8.792835 0.02141496 0.6010983 -8.775578 0.169497 0.5192094 -8.778706 -12.00161 17.09525 -159.9919 -17.68326 4.125403 0.7115127 -8.985698 3.815204 -12.1201 0 18.24931 -158.4667 0 0 0 0 -0.9530287 -0.9530293 -0.07779401 -0.7134534 0.05304223 -0.6943483 -0.1800839 -0.6665732 0.1643551 -0.7044417 0.1656801 -0.582032 -0.3868749 -0.6957856 0 0 0 0 0 0 0 0 0 0 0 0 0 0 0 0 
385 -0.07055819 1.003257 -8.568089 -0.160846 0.5076394 -8.570625 -0.16084598004818 0.507639408111572 -8.57062530517578 0.02008134 0.9962505 -8.792835 0.02141496 0.6010983 -8.775578 0.169497 0.5192094 -8.778706 -12.00161 17.09525 -159.9919 -17.68326 4.125403 0.7115127 -8.985789 3.818586 -12.12583 0 18.24931 -158.4667 0 0 0 0 -0.9530287 -0.9530293 -0.07779401 -0.7134534 0.05304223 -0.6943483 -0.1800839 -0.6665732 0.1643551 -0.7044417 0.1656801 -0.582032 -0.3868749 -0.6957856 0 0 0 0 0 0 0 0 0 0 0 0 0 0 0 0 
418 -0.07055819 1.003257 -8.568089 -0.160846 0.5076394 -8.570625 -0.16084598004818 0.507639408111572 -8.57062530517578 0.02008134 0.9962505 -8.792835 0.02141496 0.6010983 -8.775578 0.169497 0.5192094 -8.778706 -12.00161 17.09525 -159.9919 -17.68326 4.125403 0.7115127 -8.985789 3.818586 -12.12583 0 18.24931 -158.4667 0 0 0 0 -0.9530287 -0.9530293 -0.07779401 -0.7134534 0.05304223 -0.6943483 -0.1800839 -0.6665732 0.1643551 -0.7044417 0.1656801 -0.582032 -0.3868749 -0.6957856 0 0 0 0 0 0 0 0 0 0 0 0 0 0 0 0 
445 -0.07055819 1.003257 -8.568089 -0.160846 0.5076394 -8.570625 -0.16084598004818 0.507639408111572 -8.57062530517578 0.02008134 0.9962505 -8.792835 0.02141496 0.6010983 -8.775578 0.169497 0.5192094 -8.778706 -12.00161 17.09525 -159.9919 -17.68326 4.125403 0.7115127 -8.985789 3.818586 -12.12583 0 18.24931 -158.4667 0 0 0 0 -0.9530287 -0.9530293 -0.07779401 -0.7134534 0.05304223 -0.6943483 -0.1800839 -0.6665732 0.1643551 -0.7044417 0.1656801 -0.582032 -0.3868749 -0.6957856 0 0 0 0 0 0 0 0 0 0 0 0 0 0 0 0 
478 -0.07055819 1.003257 -8.568089 -0.160846 0.5076394 -8.570625 -0.16084598004818 0.507639408111572 -8.57062530517578 0.02008134 0.9962505 -8.792835 0.02141496 0.6010983 -8.775578 0.169497 0.5192094 -8.778706 -12.00161 17.09525 -159.9919 -17.68326 4.125403 0.7115127 -8.985789 3.818586 -12.12583 0 18.24931 -158.4667 0 0 0 0 -0.9530287 -0.9530293 -0.07779401 -0.7134534 0.05304223 -0.6943483 -0.1800839 -0.6665732 0.1643551 -0.7044417 0.1656801 -0.582032 -0.3868749 -0.6957856 0 0 0 0 0 0 0 0 0 0 0 0 0 0 0 0 
511 -0.07055819 1.003257 -8.568089 -0.160846 0.5076394 -8.570625 -0.16084598004818 0.507639408111572 -8.57062530517578 0.02008134 0.9962505 -8.792835 0.02141496 0.6010983 -8.775578 0.169497 0.5192094 -8.778706 -12.00161 17.09525 -159.9919 -17.68326 4.125403 0.7115127 -8.985789 3.818586 -12.12583 0 18.24931 -158.4667 0 0 0 0 -0.9530287 -0.9530293 -0.07779401 -0.7134534 0.05304223 -0.6943483 -0.1800839 -0.6665732 0.1643551 -0.7044417 0.1656801 -0.582032 -0.3868749 -0.6957856 0 0 0 0 0 0 0 0 0 0 0 0 0 0 0 0 
543 -0.07055819 1.003257 -8.568089 -0.160846 0.5076394 -8.570625 -0.16084598004818 0.507639408111572 -8.57062530517578 0.02008134 0.9962505 -8.792835 0.02141496 0.6010983 -8.775578 0.169497 0.5192094 -8.778706 -12.00161 17.09525 -159.9919 -17.68326 4.125403 0.7115127 -8.985789 3.818586 -12.12583 0 18.24931 -158.4667 0 0 0 0 -0.9530287 -0.9530293 -0.07779401 -0.7134534 0.05304223 -0.6943483 -0.1800839 -0.6665732 0.1643551 -0.7044417 0.1656801 -0.582032 -0.3868749 -0.6957856 0 0 0 0 0 0 0 0 0 0 0 0 0 0 0 0 
576 -0.07055819 1.003257 -8.568089 -0.160846 0.5076394 -8.570625 -0.16084598004818 0.507639408111572 -8.57062530517578 0.02008134 0.9962505 -8.792835 0.02141496 0.6010983 -8.775578 0.169497 0.5192094 -8.778706 -12.00161 17.09525 -159.9919 -17.68326 4.125403 0.7115127 -8.985789 3.818586 -12.12583 0 18.24931 -158.4667 0 0 0 0 -0.9530287 -0.9530293 -0.07779401 -0.7134534 0.05304223 -0.6943483 -0.1800839 -0.6665732 0.1643551 -0.7044417 0.1656801 -0.582032 -0.3868749 -0.6957856 0 0 0 0 0 0 0 0 0 0 0 0 0 0 0 0 
606 -0.07055819 1.003257 -8.568089 -0.1608406 0.5076392 -8.570625 -0.160840645432472 0.507639169692993 -8.57062530517578 0.02008134 0.9962505 -8.792835 0.02141496 0.6010983 -8.775578 0.169497 0.5192094 -8.778706 -12.00129 17.11192 -159.9834 -17.68326 4.125403 0.7115127 -8.985789 3.818586 -12.12583 0 18.24931 -158.4667 0 0 0 0 -0.9530287 -0.9530293 -0.07780065 -0.7133665 0.05303257 -0.6944376 -0.1800839 -0.6665732 0.1643551 -0.7044417 0.1656801 -0.582032 -0.3868749 -0.6957856 0 0 0 0 0 0 0 0 0 0 0 0 0 0 0 0 
639 -0.07055819 1.003257 -8.568089 -0.1608437 0.5076394 -8.570625 -0.160843685269356 0.507639408111572 -8.57062530517578 0.02008134 0.9962505 -8.792835 0.02141496 0.6010983 -8.775578 0.169497 0.5192094 -8.778706 -12.00113 17.11893 -159.9798 -17.68326 4.111065 0.7115095 -8.985515 3.810773 -12.11253 0 18.24931 -158.4667 0 0 0 0 -0.9530287 -0.9530293 -0.0778034 -0.7133299 0.05302839 -0.6944751 -0.1800839 -0.6665732 0.1643551 -0.7044417 0.1656801 -0.582032 -0.3868749 -0.6957856 0 0 0 0 0 0 0 0 0 0 0 0 0 0 0 0 
674 -0.07055819 1.003257 -8.568089 -0.1608429 0.5076393 -8.570625 -0.160842925310135 0.507639288902283 -8.57062530517578 0.02008134 0.9962505 -8.792835 0.02141496 0.6010983 -8.775578 0.169497 0.5192094 -8.778706 -12.00095 17.12771 -159.9753 -17.68326 4.105027 0.7115126 -8.985698 3.815298 -12.12022 0 18.24931 -158.4667 0 0 0 0 -0.9530287 -0.9530293 -0.07780694 -0.7132842 0.0530232 -0.6945221 -0.1800839 -0.6665732 0.1643551 -0.7044417 0.1656801 -0.582032 -0.3868749 -0.6957856 0 0 0 0 0 0 0 0 0 0 0 0 0 0 0 0 
706 -0.07055819 1.003257 -8.568089 -0.160833 0.5076377 -8.570604 -0.160833016037941 0.507637739181519 -8.57060432434082 0.02008134 0.9962505 -8.792835 0.02141496 0.6010983 -8.775578 0.169497 0.5192094 -8.778706 -12.00012 17.16804 -159.9547 -17.68338 4.104596 0.7093524 -8.970256 3.823755 -12.12028 0 18.24931 -158.4667 0 0 0 0 -0.9530287 -0.9530293 -0.07782306 -0.7130738 0.05299954 -0.6947381 -0.1800938 -0.6665314 0.1643446 -0.7044812 0.1657879 -0.5819389 -0.386937 -0.6958032 0 0 0 0 0 0 0 0 0 0 0 0 0 0 0 0 
739 -0.07055819 1.003257 -8.568089 -0.1608376 0.5076383 -8.570606 -0.160837590694427 0.507638335227966 -8.57060623168945 0.02008134 0.9962505 -8.792835 0.02141496 0.6010983 -8.775578 0.169497 0.5192094 -8.778706 -11.99963 17.19174 -159.9426 -17.68341 4.069891 0.7093716 -8.955638 3.804179 -12.08778 0 18.24931 -158.4667 0 0 0 0 -0.9530287 -0.9530293 -0.07783245 -0.7129502 0.05298574 -0.6948649 -0.1800938 -0.6665314 0.1643446 -0.7044812 0.1658608 -0.5819182 -0.3870241 -0.6957548 0 0 0 0 0 0 0 0 0 0 0 0 0 0 0 0 
769 -0.07055819 1.003257 -8.568089 -0.1608429 0.5076393 -8.570607 -0.160842925310135 0.507639288902283 -8.57060718536377 0.02008134 0.9962505 -8.792835 0.02141496 0.6010983 -8.775578 0.169497 0.5192094 -8.778706 -11.99947 17.19962 -159.9386 -17.68338 4.049506 0.7093655 -8.955913 3.811949 -12.10105 0 18.24931 -158.4667 0 0 0 0 -0.9530287 -0.9530293 -0.07783558 -0.7129091 0.05298119 -0.6949072 -0.1800938 -0.6665314 0.1643446 -0.7044812 0.1658608 -0.5819182 -0.3870241 -0.6957548 0 0 0 0 0 0 0 0 0 0 0 0 0 0 0 0 
815 -0.07055819 1.003257 -8.568089 -0.1608452 0.5076398 -8.570607 -0.160845220088959 0.507639765739441 -8.57060718536377 0.02008134 0.9962505 -8.792835 0.02141496 0.6010983 -8.775578 0.169497 0.5192094 -8.778706 -11.99947 17.19962 -159.9386 -17.68341 4.042729 0.7093544 -8.956157 3.819353 -12.11369 0 18.24931 -158.4667 0 0 0 0 -0.9530287 -0.9530293 -0.07783558 -0.7129091 0.05298119 -0.6949072 -0.1800938 -0.6665314 0.1643446 -0.7044812 0.1658608 -0.5819182 -0.3870241 -0.6957548 0 0 0 0 0 0 0 0 0 0 0 0 0 0 0 0 
847 -0.07055819 1.003257 -8.568089 -0.1608452 0.5076398 -8.570607 -0.160845220088959 0.507639765739441 -8.57060718536377 0.02008134 0.9962505 -8.792835 0.02141496 0.6010983 -8.775578 0.169497 0.5192094 -8.778706 -11.99947 17.19962 -159.9386 -17.68341 4.042729 0.7093544 -8.956309 3.823053 -12.11998 0 18.24931 -158.4667 0 0 0 0 -0.9530287 -0.9530293 -0.07783558 -0.7129091 0.05298119 -0.6949072 -0.1800938 -0.6665314 0.1643446 -0.7044812 0.1658608 -0.5819182 -0.3870241 -0.6957548 0 0 0 0 0 0 0 0 0 0 0 0 0 0 0 0 
879 -0.07055819 1.003257 -8.568089 -0.1608452 0.5076398 -8.570607 -0.160845220088959 0.507639765739441 -8.57060718536377 0.02008134 0.9962505 -8.792835 0.02141496 0.6010983 -8.775578 0.169497 0.5192094 -8.778706 -11.99947 17.19962 -159.9386 -17.68341 4.042729 0.7093544 -8.956309 3.823053 -12.11998 0 18.24931 -158.4667 0 0 0 0 -0.9530287 -0.9530293 -0.07783558 -0.7129091 0.05298119 -0.6949072 -0.1800938 -0.6665314 0.1643446 -0.7044812 0.1658608 -0.5819182 -0.3870241 -0.6957548 0 0 0 0 0 0 0 0 0 0 0 0 0 0 0 0 
911 -0.07055819 1.003257 -8.568089 -0.1608452 0.5076398 -8.570607 -0.160845220088959 0.507639765739441 -8.57060718536377 0.02008134 0.9962505 -8.792835 0.02141496 0.6010983 -8.775578 0.169497 0.5192094 -8.778706 -11.99947 17.19962 -159.9386 -17.68341 4.042729 0.7093544 -8.956309 3.823053 -12.11998 0 18.24931 -158.4667 0 0 0 0 -0.9530287 -0.9530293 -0.07783558 -0.7129091 0.05298119 -0.6949072 -0.1800938 -0.6665314 0.1643446 -0.7044812 0.1658608 -0.5819182 -0.3870241 -0.6957548 0 0 0 0 0 0 0 0 0 0 0 0 0 0 0 0 
940 -0.07055819 1.003257 -8.568089 -0.1608452 0.5076398 -8.570607 -0.160845220088959 0.507639765739441 -8.57060718536377 0.02008134 0.9962505 -8.792835 0.02141496 0.6010983 -8.775578 0.169497 0.5192094 -8.778706 -11.99947 17.19962 -159.9386 -17.68341 4.042729 0.7093544 -8.956309 3.823053 -12.11998 0 18.24931 -158.4667 0 0 0 0 -0.9530287 -0.9530293 -0.07783558 -0.7129091 0.05298119 -0.6949072 -0.1800938 -0.6665314 0.1643446 -0.7044812 0.1658608 -0.5819182 -0.3870241 -0.6957548 0 0 0 0 0 0 0 0 0 0 0 0 0 0 0 0 
972 -0.07055819 1.003257 -8.568089 -0.1608483 0.5076402 -8.570607 -0.160848274827003 0.507640242576599 -8.57060718536377 0.02008134 0.9962505 -8.792835 0.02141496 0.6010983 -8.775578 0.169497 0.5192094 -8.778706 -11.99967 17.1898 -159.9436 -17.68341 4.042729 0.7093544 -8.956309 3.823053 -12.11998 0 18.24931 -158.4667 0 0 0 0 -0.9530287 -0.9530293 -0.07783168 -0.7129603 0.05298682 -0.6948546 -0.1800938 -0.6665314 0.1643446 -0.7044812 0.1658608 -0.5819182 -0.3870241 -0.6957548 0 0 0 0 0 0 0 0 0 0 0 0 0 0 0 0 
1004 -0.07055666 1.003259 -8.568033 -0.1608506 0.5076423 -8.570487 -0.160850554704666 0.507642269134521 -8.5704870223999 0.02008134 0.9962505 -8.792835 0.02141496 0.6010983 -8.775578 0.169497 0.5192094 -8.778706 -12.00018 17.16529 -159.9487 -17.68341 4.051174 0.7093702 -8.976665 3.832064 -12.12849 0 18.24931 -158.4667 0 0 0 0 -0.9530287 -0.9530293 -0.07786672 -0.7130916 0.05295522 -0.6947183 -0.1800938 -0.6665314 0.1643446 -0.7044812 0.1657559 -0.581948 -0.3868987 -0.6958246 0 0 0 0 0 0 0 0 0 0 0 0 0 0 0 0 
1036 -0.06978762 1.003127 -8.567739 -0.15943 0.5073905 -8.569848 -0.159429967403412 0.50739049911499 -8.56984806060791 0.02008134 0.9962505 -8.792835 0.02141496 0.6010983 -8.775578 0.169497 0.5192094 -8.778706 -11.89984 17.10503 -159.9382 -17.70828 4.049105 0.7077988 -9.050883 3.829082 -12.13719 0 18.24931 -158.4667 0 0 0 0 -0.9530287 -0.9530293 -0.07746162 -0.7134788 0.0521166 -0.6944294 -0.180305 -0.6666352 0.1644356 -0.7043076 0.1652919 -0.582225 -0.3865433 -0.6959006 0 0 0 0 0 0 0 0 0 0 0 0 0 0 0 0 
1070 -0.06967165 1.00311 -8.567631 -0.1606934 0.5076251 -8.569706 -0.160693392157555 0.507625102996826 -8.56970596313477 0.02008134 0.9962505 -8.792835 0.02141496 0.6010983 -8.775578 0.169497 0.5192094 -8.778706 -11.88841 16.92537 -160.0151 -17.87949 4.106653 0.7096756 -9.31779 3.90072 -12.20542 0 18.24931 -158.4667 0 0 0 0 -0.9530287 -0.9530293 -0.07738517 -0.7144305 0.05203944 -0.6934645 -0.1808919 -0.6664537 0.1646537 -0.704278 0.1641086 -0.5825094 -0.3856071 -0.6964619 0 0 0 0 0 0 0 0 0 0 0 0 0 0 0 0 
1101 -0.06743777 1.002676 -8.56834 -0.1570885 0.5069418 -8.570622 -0.157088503241539 0.506941795349121 -8.57062244415283 0.02008134 0.9962505 -8.792835 0.02141496 0.6010983 -8.775578 0.169497 0.5192094 -8.778706 -11.58801 16.8703 -160.1282 -18.02289 4.326936 0.6294522 -9.317393 4.005558 -12.29652 0 18.24931 -158.4667 0 0 0 0 -0.9530287 -0.9530293 -0.0749717 -0.7148401 0.05077423 -0.6934014 -0.1821717 -0.665938 0.1649013 -0.7043781 0.1632835 -0.5827377 -0.3846978 -0.6969675 0 0 0 0 0 0 0 0 0 0 0 0 0 0 0 0 
1135 -0.06247637 1.001779 -8.569312 -0.1527436 0.5061561 -8.571367 -0.152743563055992 0.506156086921692 -8.57136726379395 0.02008134 0.9962505 -8.792835 0.02141496 0.6010983 -8.775578 0.169497 0.5192094 -8.778706 -10.92325 16.80012 -160.2726 -18.7388 4.185296 0.4342582 -10.18254 3.823161 -12.24321 0 18.24931 -158.4667 0 0 0 0 -0.9530287 -0.9530293 -0.07013396 -0.7155036 0.047458 -0.6934583 -0.185267 -0.6667243 0.1669496 -0.7023415 0.1585474 -0.5846949 -0.3812103 -0.6983368 0 0 0 0 0 0 0 0 0 0 0 0 0 0 0 0 
1172 -0.05504458 1.000617 -8.568831 -0.1454941 0.505025 -8.570264 -0.145494118332863 0.505025029182434 -8.57026386260986 0.02008134 0.9962505 -8.792835 0.02141496 0.6010983 -8.775578 0.169497 0.5192094 -8.778706 -9.94545 16.23276 -160.4529 -19.70712 3.597539 0.4163118 -10.3072 3.894634 -12.07002 0 18.24931 -158.4667 0 0 0 0 -0.9530287 -0.9530293 -0.06435489 -0.7190133 0.04118482 -0.6907842 -0.1866578 -0.670293 0.1694591 -0.6979617 0.1596171 -0.5869648 -0.378549 -0.6976362 0 0 0 0 0 0 0 0 0 0 0 0 0 0 0 0 
1204 -0.04468691 0.9992591 -8.567041 -0.141272 0.5048416 -8.571195 -0.141272008419037 0.504841566085815 -8.57119464874268 0.02008134 0.9962505 -8.792835 0.02141496 0.6010983 -8.775578 0.169497 0.5192094 -8.778706 -8.581757 16.26309 -160.1521 -21.75299 2.270557 1.02422 -8.120769 4.257166 -12.2722 0 18.24931 -158.4667 0 0 0 0 -0.9530287 -0.9530293 -0.05754352 -0.7195199 0.03113908 -0.6913833 -0.1909234 -0.6786568 0.1782661 -0.6864367 0.1760909 -0.5848917 -0.3881894 -0.690075 0 0 0 0 0 0 0 0 0 0 0 0 0 0 0 0 
1237 -0.03122255 0.9978734 -8.56489 -0.1290169 0.5036949 -8.56918 -0.129016906023026 0.503694891929626 -8.56918048858643 0.02008134 0.9962505 -8.792835 0.02141496 0.6010983 -8.775578 0.169497 0.5192094 -8.778706 -6.819818 16.02817 -159.9035 -23.67743 2.416989 1.335494 -3.040141 3.302248 -12.1616 0 18.24931 -158.4667 0 0 0 0 -0.9530287 -0.9530293 -0.04852962 -0.7214413 0.0183483 -0.6905298 -0.1935407 -0.675773 0.1820942 -0.6875431 0.2047963 -0.5829203 -0.410361 -0.6707215 0 0 0 0 0 0 0 0 0 0 0 0 0 0 0 0 
1265 -0.007088487 0.9964619 -8.56117 -0.0878403 0.4991957 -8.561876 -0.0878402963280678 0.499195694923401 -8.56187629699707 0.02008134 0.9962505 -8.792835 0.02141496 0.6010983 -8.775578 0.169497 0.5192094 -8.778706 -3.691717 15.13223 -159.6209 -24.84686 2.442369 1.521942 0.9999068 2.105641 -11.36015 0 18.24931 -158.4667 0 0 0 0 -0.9530287 -0.9530293 -0.03245967 -0.7269974 -0.004389672 -0.685859 -0.1906485 -0.6771931 0.1777452 -0.6880916 0.2281155 -0.5797951 -0.430817 -0.6528388 0 0 0 0 0 0 0 0 0 0 0 0 0 0 0 0 
1319 0.03777999 0.9975786 -8.552938 -0.007125108 0.4958731 -8.544562 -0.00712510757148266 0.495873093605042 -8.54456233978271 0.02008134 0.9962505 -8.792835 0.02141496 0.6010983 -8.775578 0.169497 0.5192094 -8.778706 2.054901 13.34407 -158.705 -26.56943 2.786264 1.814548 1.479417 1.858658 -10.85212 0 18.24931 -158.4667 0 0 0 0 -0.9530287 -0.9530293 -0.004697432 -0.7363102 -0.04828818 -0.674903 -0.1837717 -0.6811082 0.1673854 -0.6886963 0.2456337 -0.5788156 -0.4414575 -0.6401193 0 0 0 0 0 0 0 0 0 0 0 0 0 0 0 0 
1379 0.07100295 1.001531 -8.546658 0.06382217 0.4979266 -8.535416 0.0638221651315689 0.497926592826843 -8.53541564941406 0.02008134 0.9962505 -8.792835 0.02141496 0.6010983 -8.775578 0.169497 0.5192094 -8.778706 6.311787 12.48641 -157.6669 -26.62366 2.922588 2.464745 3.281337 1.937649 -7.955973 0 18.24931 -158.4667 0 0 0 0 -0.9530287 -0.9530293 0.01527915 -0.7388967 -0.08156565 -0.6686898 -0.1540969 -0.6961644 0.1275798 -0.6894444 0.2945555 -0.5767648 -0.4581755 -0.6088147 0 0 0 0 0 0 0 0 0 0 0 0 0 0 0 0 
1430 0.1475143 1.020932 -8.534657 0.2412598 0.5267377 -8.506744 0.241259768605232 0.526737689971924 -8.50674438476563 0.02008134 0.9962505 -8.792835 0.02141496 0.6010983 -8.775578 0.169497 0.5192094 -8.778706 16.01383 7.972788 -155.1666 -25.18686 2.936426 2.712434 4.196862 1.666097 -5.141032 0 18.24931 -158.4667 0 0 0 0 -0.9530287 -0.9530293 0.05933573 -0.7530643 -0.1600499 -0.6354197 -0.1240315 -0.7060769 0.08741615 -0.6916869 0.3360294 -0.5724623 -0.4710531 -0.5809311 0 0 0 0 0 0 0 0 0 0 0 0 0 0 0 0 
1540 0.2765366 1.094981 -8.509907 0.5328308 0.6635064 -8.465875 0.532830834388733 0.663506388664246 -8.46587467193604 0.02008134 0.9962505 -8.792835 0.02141496 0.6010983 -8.775578 0.169497 0.5192094 -8.778706 33.9681 3.597464 -147.1018 -24.73492 5.096852 4.406016 3.046902 5.467086 -0.936137 0 18.24931 -158.4667 0 0 0 0 -0.9530287 -0.9530293 0.1360649 -0.7279296 -0.3091026 -0.5967086 -0.06377425 -0.7213532 0.01726927 -0.6894091 0.4257019 -0.5562543 -0.4853707 -0.5232353 0 0 0 0 0 0 0 0 0 0 0 0 0 0 0 0 
1714 0.4165757 1.293777 -8.510636 0.8702279 1.076441 -8.483027 0.870227932929993 1.07644128799438 -8.4830265045166 0.02008134 0.9962505 -8.792835 0.02141496 0.6010983 -8.775578 0.169497 0.5192094 -8.778706 55.83123 -22.49925 -122.0249 -21.6366 7.637706 7.40927 0.5821271 11.88291 9.436623 0 18.24931 -158.4667 0 0 0 0 -0.9530287 -0.9530293 -0.2204838 0.6847558 0.5416902 0.4348204 0.06914663 -0.7134345 -0.1273525 -0.6855743 -0.561197 0.5050335 0.5014141 0.4225917 0 0 0 0 0 0 0 0 0 0 0 0 0 0 0 0 
1992 0.4195015 1.283364 -8.576052 0.8596597 1.052285 -8.657668 0.859659731388092 1.05228519439697 -8.6576681137085 0.02008134 0.9962505 -8.792835 0.02141496 0.6010983 -8.775578 0.169497 0.5192094 -8.778706 58.31216 -26.06277 -127.7313 -22.65271 15.63155 11.03505 -7.005015 26.82112 12.42712 0 18.24931 -158.4667 0 0 0 0 -0.9530287 -0.9530293 -0.2680345 0.7160542 0.5081903 0.3964432 0.2229849 -0.699367 -0.328191 -0.5945207 -0.7241803 0.4455726 0.4794383 0.2171809 0 0 0 0 0 0 0 0 0 0 0 0 0 0 0 0 
2086 0.4159752 1.273907 -8.576799 0.8250299 0.9844801 -8.628794 0.825029909610748 0.984480142593384 -8.62879371643066 0.02008134 0.9962505 -8.792835 0.02141496 0.6010983 -8.775578 0.169497 0.5192094 -8.778706 57.7376 -24.67056 -129.4101 -29.21027 12.58378 9.92474 -15.93379 9.82268 18.4948 0 18.24931 -158.4667 0 0 0 0 -0.9530287 -0.9530293 -0.2667437 0.7199619 0.498099 0.4029898 0.1925856 -0.7547102 -0.2769845 -0.5626756 -0.6971937 0.5136178 0.4453071 0.2276403 0 0 0 0 0 0 0 0 0 0 0 0 0 0 0 0 
2136 0.4145783 1.270382 -8.576166 0.8210474 0.9769214 -8.625772 0.821047365665436 0.976921439170837 -8.62577152252197 0.02008134 0.9962505 -8.792835 0.02141496 0.6010983 -8.775578 0.169497 0.5192094 -8.778706 57.36803 -24.29983 -129.8377 -29.34174 12.68762 9.71739 -9.355937 12.24021 18.0591 0 18.24931 -158.4667 0 0 0 0 -0.9530287 -0.9530293 -0.264721 0.7217064 0.4951109 0.4048804 0.1885827 -0.7554559 -0.2657787 -0.5684061 -0.6914715 0.5180935 0.4432641 0.2386717 0 0 0 0 0 0 0 0 0 0 0 0 0 0 0 0 
2166 0.4148636 1.271148 -8.575287 0.8241975 0.9813057 -8.622551 0.82419753074646 0.981305718421936 -8.62255096435547 0.02008134 0.9962505 -8.792835 0.02141496 0.6010983 -8.775578 0.169497 0.5192094 -8.778706 57.39697 -24.31143 -129.6753 -28.93488 12.44688 9.467797 -8.766887 12.07266 18.45106 0 18.24931 -158.4667 0 0 0 0 -0.9530287 -0.9530293 -0.2643898 0.7209415 0.4961743 0.4051583 0.186011 -0.7559896 -0.2672183 -0.5678686 -0.6906539 0.5190019 0.4441022 0.2375048 0 0 0 0 0 0 0 0 0 0 0 0 0 0 0 0 
2225 0.4149476 1.271429 -8.574166 0.8239389 0.9809492 -8.620481 0.82393890619278 0.98094916343689 -8.62048053741455 0.02008134 0.9962505 -8.792835 0.02141496 0.6010983 -8.775578 0.169497 0.5192094 -8.778706 57.27309 -24.45559 -129.4402 -29.02271 12.47486 9.571147 -9.180247 12.61434 18.13435 0 18.24931 -158.4667 0 0 0 0 -0.9530287 -0.9530293 -0.2628903 0.7209874 0.497294 0.404679 0.1861654 -0.7554719 -0.2670495 -0.568586 -0.690792 0.5183588 0.4444319 0.2378901 0 0 0 0 0 0 0 0 0 0 0 0 0 0 0 0 
2257 0.4153664 1.272566 -8.573097 0.8288911 0.9880794 -8.616245 0.828891098499298 0.988079428672791 -8.61624526977539 0.02008134 0.9962505 -8.792835 0.02141496 0.6010983 -8.775578 0.169497 0.5192094 -8.778706 57.27581 -24.593 -129.1505 -28.41608 12.62817 9.09608 -8.408031 12.42471 18.39336 0 18.24931 -158.4667 0 0 0 0 -0.9530287 -0.9530293 -0.2621537 0.7202811 0.4989912 0.4043253 0.186983 -0.7532108 -0.2740819 -0.5679708 -0.6918097 0.5168894 0.4475231 0.2322684 0 0 0 0 0 0 0 0 0 0 0 0 0 0 0 0 
2288 0.4155304 1.273029 -8.572499 0.8296243 0.9893632 -8.615591 0.82962429523468 0.989363193511963 -8.61559104919434 0.02008134 0.9962505 -8.792835 0.02141496 0.6010983 -8.775578 0.169497 0.5192094 -8.778706 57.34106 -24.4904 -129.1137 -28.35782 12.57364 9.140432 -8.82249 12.81667 18.47032 0 18.24931 -158.4667 0 0 0 0 -0.9530287 -0.9530293 -0.2623228 0.7194509 0.4994342 0.405146 0.1869025 -0.7528242 -0.2761757 -0.5674954 -0.6923164 0.5159507 0.4492782 0.2294403 0 0 0 0 0 0 0 0 0 0 0 0 0 0 0 0 
2319 0.4155511 1.273136 -8.571801 0.8303239 0.990374 -8.614296 0.830323934555054 0.990373969078064 -8.61429595947266 0.02008134 0.9962505 -8.792835 0.02141496 0.6010983 -8.775578 0.169497 0.5192094 -8.778706 57.3334 -24.41684 -129.0745 -28.26166 12.64772 9.100929 -8.97343 12.91921 18.47691 0 18.24931 -158.4667 0 0 0 0 -0.9530287 -0.9530293 -0.2619826 0.7190069 0.4997359 0.405782 0.1881871 -0.7515843 -0.276943 -0.5683398 -0.6927084 0.5155839 0.4487335 0.2301465 0 0 0 0 0 0 0 0 0 0 0 0 0 0 0 0 
2350 0.4152848 1.272477 -8.571523 0.8296335 0.9890343 -8.613623 0.829633474349976 0.989034295082092 -8.61362266540527 0.02008134 0.9962505 -8.792835 0.02141496 0.6010983 -8.775578 0.169497 0.5192094 -8.778706 57.2113 -24.4284 -129.0863 -28.25079 12.64551 9.10436 -9.107249 12.93746 18.58992 0 18.24931 -158.4667 0 0 0 0 -0.9530287 -0.9530293 -0.2611143 0.7195722 0.4994341 0.4057109 0.1881396 -0.7510371 -0.2772144 -0.5689462 -0.6926485 0.5155997 0.4487626 0.2302344 0 0 0 0 0 0 0 0 0 0 0 0 0 0 0 0 
2381 0.4145928 1.270827 -8.57029 0.8283952 0.9863849 -8.611004 0.828395187854767 0.986384868621826 -8.61100387573242 0.02008134 0.9962505 -8.792835 0.02141496 0.6010983 -8.775578 0.169497 0.5192094 -8.778706 56.93359 -24.30753 -129.1502 -28.14401 12.67022 9.075602 -8.941386 12.83599 18.61928 0 18.24931 -158.4667 0 0 0 0 -0.9530287 -0.9530293 -0.2589858 0.7204119 0.4986466 0.406553 0.1877703 -0.7511118 -0.2776375 -0.5687631 -0.6921316 0.5159912 0.4496257 0.2292258 0 0 0 0 0 0 0 0 0 0 0 0 0 0 0 0 
2408 0.4141289 1.269743 -8.569374 0.8286477 0.9861997 -8.609054 0.82864773273468 0.986199736595154 -8.60905361175537 0.02008134 0.9962505 -8.792835 0.02141496 0.6010983 -8.775578 0.169497 0.5192094 -8.778706 56.80474 -24.10144 -129.2587 -27.89337 12.75236 8.94992 -8.776652 12.90685 18.60349 0 18.24931 -158.4667 0 0 0 0 -0.9530287 -0.9530293 -0.2579893 0.7205263 0.4979169 0.4078763 0.1868637 -0.7504425 -0.278673 -0.5694385 -0.6917827 0.5157569 0.450281 0.22952 0 0 0 0 0 0 0 0 0 0 0 0 0 0 0 0 
2440 0.4137215 1.268791 -8.568723 0.8281526 0.9850532 -8.607923 0.828152596950531 0.985053181648254 -8.60792255401611 0.02008134 0.9962505 -8.792835 0.02141496 0.6010983 -8.775578 0.169497 0.5192094 -8.778706 56.76769 -23.79099 -129.4504 -27.81427 12.77955 8.902105 -8.895427 12.90866 18.62161 0 18.24931 -158.4667 0 0 0 0 -0.9530287 -0.9530293 -0.2577932 0.720219 0.4969209 0.4097532 0.1863128 -0.7498061 -0.2784007 -0.5705894 -0.6912056 0.5154428 0.451207 0.2301448 0 0 0 0 0 0 0 0 0 0 0 0 0 0 0 0 
2471 0.4133103 1.267836 -8.56807 0.825921 0.9812189 -8.605491 0.82592099905014 0.981218934059143 -8.60549068450928 0.02008134 0.9962505 -8.792835 0.02141496 0.6010983 -8.775578 0.169497 0.5192094 -8.778706 56.65456 -23.63397 -129.5471 -28.07471 12.61466 8.889048 -9.162395 12.64766 18.53595 0 18.24931 -158.4667 0 0 0 0 -0.9530287 -0.9530293 -0.2569757 0.7204188 0.4962413 0.4107378 0.1837284 -0.7498792 -0.2764304 -0.5722867 -0.6887271 0.51625 0.4525758 0.2330601 0 0 0 0 0 0 0 0 0 0 0 0 0 0 0 0 
2502 0.412558 1.266033 -8.567661 0.8243211 0.9782343 -8.60535 0.824321091175079 0.97823429107666 -8.60535049438477 0.02008134 0.9962505 -8.792835 0.02141496 0.6010983 -8.775578 0.169497 0.5192094 -8.778706 56.53594 -23.28266 -129.8533 -27.9982 12.63551 8.904593 -8.869609 12.77154 18.43995 0 18.24931 -158.4667 0 0 0 0 -0.9530287 -0.9530293 -0.2565021 0.7207366 0.4943993 0.4126928 0.1835677 -0.7495931 -0.2758481 -0.5729936 -0.6880261 0.5162845 0.4528219 0.234571 0 0 0 0 0 0 0 0 0 0 0 0 0 0 0 0 
