Time(ms) RK.x RK.y RK.z RA.x RA.y RA.z RT.x RT.y RT.z LK.x LK.y LK.z LA.x LA.y LA.z LT.x LT.y LT.z RHAngle.x RHAngle.y RHAngle.z RKAngle.x RKAngle.y RKAngle.z RAAngle.x RAAngle.y RAAngle.z LHAngle.x LHAngle.y LHAngle.z LKAngle.x LKAngle.y LKAngle.z LAAngle.x LAAngle.y LAAngle.z RHQuat.w RHQuat.x RHQuat.y RHQuat.z RKQuat.w RKQuat.x RKQuat.y RKQuat.z RAQuat.w RAQuat.x RAQuat.y RAQuat.z LHQuat.w LHQuat.x LHQuat.y LHQuat.z LKQuat.w LKQuat.x LKQuat.y LKQuat.z LAQuat.w LAQuat.x LAQuat.y LAQuat.z HQuat.w HQuat.x HQuat.y HQuat.z 
39 -0.07055819 1.003257 -8.568089 -0.1604767 0.5075724 -8.570565 -0.160476714372635 0.507572412490845 -8.57056522369385 0.02008134 0.9962505 -8.792835 0.02141496 0.6010983 -8.775578 0.169497 0.5192094 -8.778706 -12.00192 17.08017 -159.9995 -17.64047 4.14535 0.7064761 -9.035533 3.817473 -12.11979 0 18.24931 -158.4667 0 0 0 0 -0.9530287 -0.9530293 -0.07778803 -0.713532 0.05305104 -0.6942675 -0.1798613 -0.6666072 0.1640649 -0.7045341 0.165649 -0.5820407 -0.3868378 -0.6958063 0 0 0 0 0 0 0 0 0 0 0 0 0 0 0 0 
1265 -0.007088487 0.9964619 -8.56117 -0.0878403 0.4991957 -8.561876 -0.0878402963280678 0.499195694923401 -8.56187629699707 0.02008134 0.9962505 -8.792835 0.02141496 0.6010983 -8.775578 0.169497 0.5192094 -8.778706 -3.691717 15.13223 -159.6209 -24.84686 2.442369 1.521942 0.9999068 2.105641 -11.36015 0 18.24931 -158.4667 0 0 0 0 -0.9530287 -0.9530293 -0.03245967 -0.7269974 -0.004389672 -0.685859 -0.1906485 -0.6771931 0.1777452 -0.6880916 0.2281155 -0.5797951 -0.430817 -0.6528388 0 0 0 0 0 0 0 0 0 0 0 0 0 0 0 0 
1319 0.03777999 0.9975786 -8.552938 -0.007125108 0.4958731 -8.544562 -0.00712510757148266 0.495873093605042 -8.54456233978271 0.02008134 0.9962505 -8.792835 0.02141496 0.6010983 -8.775578 0.169497 0.5192094 -8.778706 2.054901 13.34407 -158.705 -26.56943 2.786264 1.814548 1.479417 1.858658 -10.85212 0 18.24931 -158.4667 0 0 0 0 -0.9530287 -0.9530293 -0.004697432 -0.7363102 -0.04828818 -0.674903 -0.1837717 -0.6811082 0.1673854 -0.6886963 0.2456337 -0.5788156 -0.4414575 -0.6401193 0 0 0 0 0 0 0 0 0 0 0 0 0 0 0 0 
1379 0.07100295 1.001531 -8.546658 0.06382217 0.4979266 -8.535416 0.0638221651315689 0.497926592826843 -8.53541564941406 0.02008134 0.9962505 -8.792835 0.02141496 0.6010983 -8.775578 0.169497 0.5192094 -8.778706 6.311787 12.48641 -157.6669 -26.62366 2.922588 2.464745 3.281337 1.937649 -7.955973 0 18.24931 -158.4667 0 0 0 0 -0.9530287 -0.9530293 0.01527915 -0.7388967 -0.08156565 -0.6686898 -0.1540969 -0.6961644 0.1275798 -0.6894444 0.2945555 -0.5767648 -0.4581755 -0.6088147 0 0 0 0 0 0 0 0 0 0 0 0 0 0 0 0 
1396 0.0965067333333333 1.007998 -8.54265766666667 0.122968046666667 0.5075303 -8.52585866666667 0.122968032956123 0.507530291875203 -8.52585856119792 0.02008134 0.9962505 -8.792835 0.02141496 0.6010983 -8.775578 0.169497 0.5192094 -8.778706 9.54580133333333 10.9818693333333 -156.833466666667 -26.1447266666667 2.92720066666667 2.547308 3.586512 1.84713166666667 -7.01765933333333 0 18.24931 -158.4667 0 0 0 0 -0.9530287 -0.9530293 0.0299646766666667 -0.743619233333333 -0.107727066666667 -0.657599766666667 -0.1440751 -0.699468566666667 0.114191916666667 -0.6901919 0.308380133333333 -0.575330633333333 -0.462468033333333 -0.599520166666667 0 0 0 0 0 0 0 0 0 0 0 0 0 0 0 0 
1413 0.122010516666667 1.014465 -8.53865733333333 0.182113923333333 0.517134 -8.51630133333333 0.182113900780678 0.517133990923564 -8.51630147298177 0.02008134 0.9962505 -8.792835 0.02141496 0.6010983 -8.775578 0.169497 0.5192094 -8.778706 12.7798156666667 9.47732866666667 -156.000033333333 -25.6657933333333 2.93181333333333 2.629871 3.891687 1.75661433333333 -6.07934566666667 0 18.24931 -158.4667 0 0 0 0 -0.9530287 -0.9530293 0.0446502033333333 -0.748341766666667 -0.133888483333333 -0.646509733333333 -0.1340533 -0.702772733333333 0.100804033333333 -0.6909394 0.322204766666667 -0.573896466666667 -0.466760566666667 -0.590225633333333 0 0 0 0 0 0 0 0 0 0 0 0 0 0 0 0 
1430 0.1475143 1.020932 -8.534657 0.2412598 0.5267377 -8.506744 0.241259768605232 0.526737689971924 -8.50674438476563 0.02008134 0.9962505 -8.792835 0.02141496 0.6010983 -8.775578 0.169497 0.5192094 -8.778706 16.01383 7.972788 -155.1666 -25.18686 2.936426 2.712434 4.196862 1.666097 -5.141032 0 18.24931 -158.4667 0 0 0 0 -0.9530287 -0.9530293 0.05933573 -0.7530643 -0.1600499 -0.6354197 -0.1240315 -0.7060769 0.08741615 -0.6916869 0.3360294 -0.5724623 -0.4710531 -0.5809311 0 0 0 0 0 0 0 0 0 0 0 0 0 0 0 0 
1448 0.169018016666667 1.0332735 -8.530532 0.289854966666667 0.549532483333333 -8.4999325 0.289854946235815 0.549532473087311 -8.4999327659607 0.02008134 0.9962505 -8.792835 0.02141496 0.6010983 -8.775578 0.169497 0.5192094 -8.778706 19.0062083333333 7.24356733333333 -153.822466666667 -25.1115366666667 3.296497 2.99469766666667 4.005202 2.29959516666667 -4.44021616666667 0 18.24931 -158.4667 0 0 0 0 -0.9530287 -0.9530293 0.072123925 -0.748875183333333 -0.184892016666667 -0.62896785 -0.113988625 -0.70862295 0.0757250033333333 -0.691307266666667 0.350974816666667 -0.569760966666667 -0.473439366666667 -0.571315133333333 0 0 0 0 0 0 0 0 0 0 0 0 0 0 0 0 
1466 0.190521733333333 1.045615 -8.526407 0.338450133333333 0.572327266666667 -8.493121 0.338450123866399 0.572327256202698 -8.49312114715577 0.02008134 0.9962505 -8.792835 0.02141496 0.6010983 -8.775578 0.169497 0.5192094 -8.778706 21.9985866666667 6.51434666666667 -152.478333333333 -25.0362133333333 3.656568 3.27696133333333 3.813542 2.93309333333333 -3.73940033333333 0 18.24931 -158.4667 0 0 0 0 -0.9530287 -0.9530293 0.08491212 -0.744686066666667 -0.209734133333333 -0.622516 -0.10394575 -0.711169 0.0640338566666667 -0.690927633333333 0.365920233333333 -0.567059633333333 -0.475825633333333 -0.561699166666667 0 0 0 0 0 0 0 0 0 0 0 0 0 0 0 0 
1485 0.21202545 1.0579565 -8.522282 0.3870453 0.59512205 -8.4863095 0.387045301496982 0.595122039318085 -8.48630952835084 0.02008134 0.9962505 -8.792835 0.02141496 0.6010983 -8.775578 0.169497 0.5192094 -8.778706 24.990965 5.785126 -151.1342 -24.96089 4.016639 3.559225 3.621882 3.5665915 -3.0385845 0 18.24931 -158.4667 0 0 0 0 -0.9530287 -0.9530293 0.097700315 -0.74049695 -0.23457625 -0.61606415 -0.093902875 -0.71371505 0.05234271 -0.690548 0.38086565 -0.5643583 -0.4782119 -0.5520832 0 0 0 0 0 0 0 0 0 0 0 0 0 0 0 0 
1503 0.233529166666667 1.070298 -8.518157 0.435640466666667 0.617916833333333 -8.479498 0.435640479127566 0.617916822433472 -8.4794979095459 0.02008134 0.9962505 -8.792835 0.02141496 0.6010983 -8.775578 0.169497 0.5192094 -8.778706 27.9833433333333 5.05590533333333 -149.790066666667 -24.8855666666667 4.37671 3.84148866666667 3.430222 4.20008966666667 -2.33776866666667 0 18.24931 -158.4667 0 0 0 0 -0.9530287 -0.9530293 0.11048851 -0.736307833333333 -0.259418366666667 -0.6096123 -0.08386 -0.7162611 0.0406515633333333 -0.690168366666667 0.395811066666667 -0.561656966666667 -0.480598166666667 -0.542467233333333 0 0 0 0 0 0 0 0 0 0 0 0 0 0 0 0 
1521 0.255032883333333 1.0826395 -8.514032 0.484235633333333 0.640711616666667 -8.4726865 0.48423565675815 0.640711605548859 -8.47268629074097 0.02008134 0.9962505 -8.792835 0.02141496 0.6010983 -8.775578 0.169497 0.5192094 -8.778706 30.9757216666667 4.32668466666667 -148.445933333333 -24.8102433333333 4.736781 4.12375233333333 3.238562 4.83358783333333 -1.63695283333333 0 18.24931 -158.4667 0 0 0 0 -0.9530287 -0.9530293 0.123276705 -0.732118716666667 -0.284260483333333 -0.60316045 -0.073817125 -0.71880715 0.0289604166666667 -0.689788733333333 0.410756483333333 -0.558955633333333 -0.482984433333333 -0.532851266666667 0 0 0 0 0 0 0 0 0 0 0 0 0 0 0 0 
1540 0.2765366 1.094981 -8.509907 0.5328308 0.6635064 -8.465875 0.532830834388733 0.663506388664246 -8.46587467193604 0.02008134 0.9962505 -8.792835 0.02141496 0.6010983 -8.775578 0.169497 0.5192094 -8.778706 33.9681 3.597464 -147.1018 -24.73492 5.096852 4.406016 3.046902 5.467086 -0.936137 0 18.24931 -158.4667 0 0 0 0 -0.9530287 -0.9530293 0.1360649 -0.7279296 -0.3091026 -0.5967086 -0.06377425 -0.7213532 0.01726927 -0.6894091 0.4257019 -0.5562543 -0.4853707 -0.5232353 0 0 0 0 0 0 0 0 0 0 0 0 0 0 0 0 
1557 0.29054051 1.1148606 -8.5099799 0.56657051 0.70479986 -8.4675902 0.566570544242859 0.704799878597259 -8.4675898551941 0.02008134 0.9962505 -8.792835 0.02141496 0.6010983 -8.775578 0.169497 0.5192094 -8.778706 36.154413 0.9877926 -144.59411 -24.425088 5.3509374 4.7063414 2.80042451 6.1086684 0.101139 0 18.24931 -158.4667 0 0 0 0 -0.9530287 -0.9530293 0.10041003 -0.58666106 -0.22402332 -0.4935557 -0.050482162 -0.72056133 0.002807093 -0.68902562 0.32701201 -0.45012552 -0.38669222 -0.4286526 0 0 0 0 0 0 0 0 0 0 0 0 0 0 0 0 
1574 0.30454442 1.1347402 -8.5100528 0.60031022 0.74609332 -8.4693054 0.600310254096985 0.746093368530273 -8.46930503845215 0.02008134 0.9962505 -8.792835 0.02141496 0.6010983 -8.775578 0.169497 0.5192094 -8.778706 38.340726 -1.6218788 -142.08642 -24.115256 5.6050228 5.0066668 2.55394702 6.7502508 1.138415 0 18.24931 -158.4667 0 0 0 0 -0.9530287 -0.9530293 0.06475516 -0.44539252 -0.13894404 -0.3904028 -0.037190074 -0.71976946 -0.011655084 -0.68864214 0.22832212 -0.34399674 -0.28801374 -0.3340699 0 0 0 0 0 0 0 0 0 0 0 0 0 0 0 0 
1592 0.31854833 1.1546198 -8.5101257 0.63404993 0.78738678 -8.4710206 0.634049963951111 0.787386858463286 -8.47102022171021 0.02008134 0.9962505 -8.792835 0.02141496 0.6010983 -8.775578 0.169497 0.5192094 -8.778706 40.527039 -4.2315502 -139.57873 -23.805424 5.8591082 5.3069922 2.30746953 7.3918332 2.175691 0 18.24931 -158.4667 0 0 0 0 -0.9530287 -0.9530293 0.02910029 -0.30412398 -0.05386476 -0.2872499 -0.023897986 -0.71897759 -0.026117261 -0.68825866 0.12963223 -0.23786796 -0.18933526 -0.2394872 0 0 0 0 0 0 0 0 0 0 0 0 0 0 0 0 
1609 0.33255224 1.1744994 -8.5101986 0.66778964 0.82868024 -8.4727358 0.667789673805237 0.8286803483963 -8.47273540496826 0.02008134 0.9962505 -8.792835 0.02141496 0.6010983 -8.775578 0.169497 0.5192094 -8.778706 42.713352 -6.8412216 -137.07104 -23.495592 6.1131936 5.6073176 2.06099204 8.0334156 3.212967 0 18.24931 -158.4667 0 0 0 0 -0.9530287 -0.9530293 -0.00655458 -0.16285544 0.03121452 -0.184097 -0.010605898 -0.71818572 -0.040579438 -0.68787518 0.0309423400000001 -0.13173918 -0.09065678 -0.1449045 0 0 0 0 0 0 0 0 0 0 0 0 0 0 0 0 
1627 0.34655615 1.194379 -8.5102715 0.70152935 0.8699737 -8.474451 0.701529383659363 0.869973838329313 -8.47445058822632 0.02008134 0.9962505 -8.792835 0.02141496 0.6010983 -8.775578 0.169497 0.5192094 -8.778706 44.899665 -9.450893 -134.56335 -23.18576 6.367279 5.907643 1.81451455 8.674998 4.250243 0 18.24931 -158.4667 0 0 0 0 -0.9530287 -0.9530293 -0.04220945 -0.0215869 0.1162938 -0.0809441000000001 0.00268619000000001 -0.71739385 -0.055041615 -0.6874917 -0.0677475499999999 -0.0256103999999999 0.00802169999999997 -0.0503218 0 0 0 0 0 0 0 0 0 0 0 0 0 0 0 0 
1644 0.36056006 1.2142586 -8.5103444 0.73526906 0.91126716 -8.4761662 0.735269093513489 0.911267328262326 -8.47616577148438 0.02008134 0.9962505 -8.792835 0.02141496 0.6010983 -8.775578 0.169497 0.5192094 -8.778706 47.085978 -12.0605644 -132.05566 -22.875928 6.6213644 6.2079684 1.56803706 9.3165804 5.287519 0 18.24931 -158.4667 0 0 0 0 -0.9530287 -0.9530293 -0.07786432 0.11968164 0.20137308 0.0222087999999999 0.015978278 -0.71660198 -0.069503792 -0.68710822 -0.16643744 0.0805183800000001 0.10670018 0.0442609 0 0 0 0 0 0 0 0 0 0 0 0 0 0 0 0 
1661 0.37456397 1.2341382 -8.5104173 0.76900877 0.95256062 -8.4778814 0.769008803367615 0.95256081819534 -8.47788095474243 0.02008134 0.9962505 -8.792835 0.02141496 0.6010983 -8.775578 0.169497 0.5192094 -8.778706 49.272291 -14.6702358 -129.54797 -22.566096 6.8754498 6.5082938 1.32155957 9.9581628 6.324795 0 18.24931 -158.4667 0 0 0 0 -0.9530287 -0.9530293 -0.11351919 0.26095018 0.28645236 0.1253617 0.029270366 -0.71581011 -0.083965969 -0.68672474 -0.26512733 0.18664716 0.20537866 0.1388436 0 0 0 0 0 0 0 0 0 0 0 0 0 0 0 0 
1679 0.38856788 1.2540178 -8.5104902 0.80274848 0.99385408 -8.4795966 0.802748513221741 0.993854308128353 -8.47959613800049 0.02008134 0.9962505 -8.792835 0.02141496 0.6010983 -8.775578 0.169497 0.5192094 -8.778706 51.458604 -17.2799072 -127.04028 -22.256264 7.1295352 6.8086192 1.07508208 10.5997452 7.362071 0 18.24931 -158.4667 0 0 0 0 -0.9530287 -0.9530293 -0.14917406 0.40221872 0.37153164 0.2285146 0.042562454 -0.71501824 -0.098428146 -0.68634126 -0.36381722 0.29277594 0.30405714 0.2334263 0 0 0 0 0 0 0 0 0 0 0 0 0 0 0 0 
1696 0.40257179 1.2738974 -8.5105631 0.83648819 1.03514754 -8.4813118 0.836488223075867 1.03514779806137 -8.48131132125854 0.02008134 0.9962505 -8.792835 0.02141496 0.6010983 -8.775578 0.169497 0.5192094 -8.778706 53.644917 -19.8895786 -124.53259 -21.946432 7.3836206 7.1089446 0.82860459 11.2413276 8.399347 0 18.24931 -158.4667 0 0 0 0 -0.9530287 -0.9530293 -0.18482893 0.54348726 0.45661092 0.3316675 0.055854542 -0.71422637 -0.112890323 -0.68595778 -0.46250711 0.39890472 0.40273562 0.328009 0 0 0 0 0 0 0 0 0 0 0 0 0 0 0 0 
1714 0.4165757 1.293777 -8.510636 0.8702279 1.076441 -8.483027 0.870227932929993 1.07644128799438 -8.4830265045166 0.02008134 0.9962505 -8.792835 0.02141496 0.6010983 -8.775578 0.169497 0.5192094 -8.778706 55.83123 -22.49925 -122.0249 -21.6366 7.637706 7.40927 0.5821271 11.88291 9.436623 0 18.24931 -158.4667 0 0 0 0 -0.9530287 -0.9530293 -0.2204838 0.6847558 0.5416902 0.4348204 0.06914663 -0.7134345 -0.1273525 -0.6855743 -0.561197 0.5050335 0.5014141 0.4225917 0 0 0 0 0 0 0 0 0 0 0 0 0 0 0 0 
1806 0.417550966666667 1.290306 -8.53244133333333 0.866705166666667 1.068389 -8.54124066666667 0.866705199082693 1.06838925679524 -8.54124037424723 0.02008134 0.9962505 -8.792835 0.02141496 0.6010983 -8.775578 0.169497 0.5192094 -8.778706 56.6582066666667 -23.68709 -123.927033333333 -21.9753033333333 10.3023206666667 8.61786333333333 -1.94692026666667 16.8623133333333 10.4334553333333 0 18.24931 -158.4667 0 0 0 0 -0.9530287 -0.9530293 -0.236334033333333 0.6951886 0.530523566666667 0.422028 0.120426053333333 -0.708745333333333 -0.194298666666667 -0.6552231 -0.615524766666667 0.4852132 0.494088833333333 0.354121433333333 0 0 0 0 0 0 0 0 0 0 0 0 0 0 0 0 
1899 0.418526233333333 1.286835 -8.55424666666667 0.863182433333333 1.060337 -8.59945433333333 0.863182465235392 1.06033722559611 -8.59945424397787 0.02008134 0.9962505 -8.792835 0.02141496 0.6010983 -8.775578 0.169497 0.5192094 -8.778706 57.4851833333333 -24.87493 -125.829166666667 -22.3140066666667 12.9669353333333 9.82645666666667 -4.47596763333333 21.8417166666667 11.4302876666667 0 18.24931 -158.4667 0 0 0 0 -0.9530287 -0.9530293 -0.252184266666667 0.7056214 0.519356933333333 0.4092356 0.171705476666667 -0.704056166666667 -0.261244833333333 -0.6248719 -0.669852533333333 0.4653929 0.486763566666667 0.285651166666667 0 0 0 0 0 0 0 0 0 0 0 0 0 0 0 0 
1992 0.4195015 1.283364 -8.576052 0.8596597 1.052285 -8.657668 0.859659731388092 1.05228519439697 -8.6576681137085 0.02008134 0.9962505 -8.792835 0.02141496 0.6010983 -8.775578 0.169497 0.5192094 -8.778706 58.31216 -26.06277 -127.7313 -22.65271 15.63155 11.03505 -7.005015 26.82112 12.42712 0 18.24931 -158.4667 0 0 0 0 -0.9530287 -0.9530293 -0.2680345 0.7160542 0.5081903 0.3964432 0.2229849 -0.699367 -0.328191 -0.5945207 -0.7241803 0.4455726 0.4794383 0.2171809 0 0 0 0 0 0 0 0 0 0 0 0 0 0 0 0 
2086 0.4159752 1.273907 -8.576799 0.8250299 0.9844801 -8.628794 0.825029909610748 0.984480142593384 -8.62879371643066 0.02008134 0.9962505 -8.792835 0.02141496 0.6010983 -8.775578 0.169497 0.5192094 -8.778706 57.7376 -24.67056 -129.4101 -29.21027 12.58378 9.92474 -15.93379 9.82268 18.4948 0 18.24931 -158.4667 0 0 0 0 -0.9530287 -0.9530293 -0.2667437 0.7199619 0.498099 0.4029898 0.1925856 -0.7547102 -0.2769845 -0.5626756 -0.6971937 0.5136178 0.4453071 0.2276403 0 0 0 0 0 0 0 0 0 0 0 0 0 0 0 0 
