Time(ms) RK.x RK.y RK.z RA.x RA.y RA.z RT.x RT.y RT.z LK.x LK.y LK.z LA.x LA.y LA.z LT.x LT.y LT.z RHAngle.x RHAngle.y RHAngle.z RKAngle.x RKAngle.y RKAngle.z RAAngle.x RAAngle.y RAAngle.z LHAngle.x LHAngle.y LHAngle.z LKAngle.x LKAngle.y LKAngle.z LAAngle.x LAAngle.y LAAngle.z RHQuat.w RHQuat.x RHQuat.y RHQuat.z RKQuat.w RKQuat.x RKQuat.y RKQuat.z RAQuat.w RAQuat.x RAQuat.y RAQuat.z LHQuat.w LHQuat.x LHQuat.y LHQuat.z LKQuat.w LKQuat.x LKQuat.y LKQuat.z LAQuat.w LAQuat.x LAQuat.y LAQuat.z HQuat.w HQuat.x HQuat.y HQuat.z 
39 -0.07055819 1.003257 -8.568089 -0.1604767 0.5075724 -8.570565 -0.160476714372635 0.507572412490845 -8.57056522369385 0.02008134 0.9962505 -8.792835 0.02141496 0.6010983 -8.775578 0.169497 0.5192094 -8.778706 -12.00192 17.08017 -159.9995 -17.64047 4.14535 0.7064761 -9.035533 3.817473 -12.11979 0 18.24931 -158.4667 0 0 0 0 -0.9530287 -0.9530293 -0.07778803 -0.713532 0.05305104 -0.6942675 -0.1798613 -0.6666072 0.1640649 -0.7045341 0.165649 -0.5820407 -0.3868378 -0.6958063 0 0 0 0 0 0 0 0 0 0 0 0 0 0 0 0 
1319 0.03777999 0.9975786 -8.552938 -0.007125108 0.4958731 -8.544562 -0.00712510757148266 0.495873093605042 -8.54456233978271 0.02008134 0.9962505 -8.792835 0.02141496 0.6010983 -8.775578 0.169497 0.5192094 -8.778706 2.054901 13.34407 -158.705 -26.56943 2.786264 1.814548 1.479417 1.858658 -10.85212 0 18.24931 -158.4667 0 0 0 0 -0.9530287 -0.9530293 -0.004697432 -0.7363102 -0.04828818 -0.674903 -0.1837717 -0.6811082 0.1673854 -0.6886963 0.2456337 -0.5788156 -0.4414575 -0.6401193 0 0 0 0 0 0 0 0 0 0 0 0 0 0 0 0 
1430 0.1475143 1.020932 -8.534657 0.2412598 0.5267377 -8.506744 0.241259768605232 0.526737689971924 -8.50674438476563 0.02008134 0.9962505 -8.792835 0.02141496 0.6010983 -8.775578 0.169497 0.5192094 -8.778706 16.01383 7.972788 -155.1666 -25.18686 2.936426 2.712434 4.196862 1.666097 -5.141032 0 18.24931 -158.4667 0 0 0 0 -0.9530287 -0.9530293 0.05933573 -0.7530643 -0.1600499 -0.6354197 -0.1240315 -0.7060769 0.08741615 -0.6916869 0.3360294 -0.5724623 -0.4710531 -0.5809311 0 0 0 0 0 0 0 0 0 0 0 0 0 0 0 0 
1485 0.21202545 1.0579565 -8.522282 0.3870453 0.59512205 -8.4863095 0.387045301496982 0.595122039318085 -8.48630952835084 0.02008134 0.9962505 -8.792835 0.02141496 0.6010983 -8.775578 0.169497 0.5192094 -8.778706 24.990965 5.785126 -151.1342 -24.96089 4.016639 3.559225 3.621882 3.5665915 -3.0385845 0 18.24931 -158.4667 0 0 0 0 -0.9530287 -0.9530293 0.097700315 -0.74049695 -0.23457625 -0.61606415 -0.093902875 -0.71371505 0.05234271 -0.690548 0.38086565 -0.5643583 -0.4782119 -0.5520832 0 0 0 0 0 0 0 0 0 0 0 0 0 0 0 0 
1540 0.2765366 1.094981 -8.509907 0.5328308 0.6635064 -8.465875 0.532830834388733 0.663506388664246 -8.46587467193604 0.02008134 0.9962505 -8.792835 0.02141496 0.6010983 -8.775578 0.169497 0.5192094 -8.778706 33.9681 3.597464 -147.1018 -24.73492 5.096852 4.406016 3.046902 5.467086 -0.936137 0 18.24931 -158.4667 0 0 0 0 -0.9530287 -0.9530293 0.1360649 -0.7279296 -0.3091026 -0.5967086 -0.06377425 -0.7213532 0.01726927 -0.6894091 0.4257019 -0.5562543 -0.4853707 -0.5232353 0 0 0 0 0 0 0 0 0 0 0 0 0 0 0 0 
1598 0.3232163 1.16124633333333 -8.51015 0.6452965 0.801151266666667 -8.47159233333333 0.645296533902486 0.801151355107624 -8.47159194946289 0.02008134 0.9962505 -8.792835 0.02141496 0.6010983 -8.775578 0.169497 0.5192094 -8.778706 41.25581 -5.10144066666667 -138.742833333333 -23.7021466666667 5.94380333333333 5.40710066666667 2.22531036666667 7.605694 2.52144966666667 0 18.24931 -158.4667 0 0 0 0 -0.9530287 -0.9530293 0.0172153333333333 -0.257034466666667 -0.025505 -0.2528656 -0.01946729 -0.718713633333333 -0.0309379866666667 -0.688130833333333 0.0967356 -0.2024917 -0.156442433333333 -0.207959633333333 0 0 0 0 0 0 0 0 0 0 0 0 0 0 0 0 
1656 0.369896 1.22751166666667 -8.510393 0.7577622 0.938796133333333 -8.47730966666667 0.75776223341624 0.938796321551002 -8.47730922698975 0.02008134 0.9962505 -8.792835 0.02141496 0.6010983 -8.775578 0.169497 0.5192094 -8.778706 48.54352 -13.8003453333333 -130.383866666667 -22.6693733333333 6.79075466666667 6.40818533333333 1.40371873333333 9.744302 5.97903633333334 0 18.24931 -158.4667 0 0 0 0 -0.9530287 -0.9530293 -0.101634233333333 0.213860666666667 0.2580926 0.0909773999999999 0.02483967 -0.716074066666667 -0.0791452433333333 -0.686852566666667 -0.2322307 0.1512709 0.172485833333333 0.107316033333333 0 0 0 0 0 0 0 0 0 0 0 0 0 0 0 0 
1714 0.4165757 1.293777 -8.510636 0.8702279 1.076441 -8.483027 0.870227932929993 1.07644128799438 -8.4830265045166 0.02008134 0.9962505 -8.792835 0.02141496 0.6010983 -8.775578 0.169497 0.5192094 -8.778706 55.83123 -22.49925 -122.0249 -21.6366 7.637706 7.40927 0.5821271 11.88291 9.436623 0 18.24931 -158.4667 0 0 0 0 -0.9530287 -0.9530293 -0.2204838 0.6847558 0.5416902 0.4348204 0.06914663 -0.7134345 -0.1273525 -0.6855743 -0.561197 0.5050335 0.5014141 0.4225917 0 0 0 0 0 0 0 0 0 0 0 0 0 0 0 0 
1992 0.4195015 1.283364 -8.576052 0.8596597 1.052285 -8.657668 0.859659731388092 1.05228519439697 -8.6576681137085 0.02008134 0.9962505 -8.792835 0.02141496 0.6010983 -8.775578 0.169497 0.5192094 -8.778706 58.31216 -26.06277 -127.7313 -22.65271 15.63155 11.03505 -7.005015 26.82112 12.42712 0 18.24931 -158.4667 0 0 0 0 -0.9530287 -0.9530293 -0.2680345 0.7160542 0.5081903 0.3964432 0.2229849 -0.699367 -0.328191 -0.5945207 -0.7241803 0.4455726 0.4794383 0.2171809 0 0 0 0 0 0 0 0 0 0 0 0 0 0 0 0 
